[Begin Action 0]
Clsn2Default: 1
  Clsn2[0] = -10, -52, 9, 2
0,0, 0,0, 8
0,1, 0,0, 8
0,2, 0,0, 8
0,3, 0,0, 8



[Begin Action 5]
0,0, 0,0, 0



[Begin Action 6]
Clsn2: 4
  Clsn2[0] = -8, -36, 8, -21
  Clsn2[1] = -3, -21, 10, -15
  Clsn2[2] = 10, -18, 14, -6
  Clsn2[3] = -4, -15, 10, 1
6,1, 0,0, 3, H
Clsn2: 4
  Clsn2[0] = -8, -36, 8, -21
  Clsn2[1] = -10, -21, 3, -15
  Clsn2[2] = -14, -18, -10, -6
  Clsn2[3] = -10, -15, 4, 1
6,1, 0,0, 3




[Begin Action 10]
Clsn2: 6
  Clsn2[0] = -9, -41, 7, -26
  Clsn2[1] = -12, -26, 2, -19
  Clsn2[2] = -14, -19, 1, -14
  Clsn2[3] = -16, -14, -10, -10
  Clsn2[4] = -10, -14, 1, 0
  Clsn2[5] = 1, -9, 5, 0
6,0, 0,0, 3
Clsn2: 4
  Clsn2[0] = -8, -36, 8, -21
  Clsn2[1] = -10, -21, 3, -15
  Clsn2[2] = -14, -18, -10, -6
  Clsn2[3] = -10, -15, 4, 1
6,1, 0,0, 3




[Begin Action 11]
Clsn2: 4
  Clsn2[0] = -8, -36, 8, -21
  Clsn2[1] = -10, -21, 3, -15
  Clsn2[2] = -14, -18, -10, -6
  Clsn2[3] = -10, -15, 4, 1
6,1, 0,0, 1




[Begin Action 12]
Clsn2: 4
  Clsn2[0] = -8, -36, 8, -21
  Clsn2[1] = -10, -21, 3, -15
  Clsn2[2] = -14, -18, -10, -6
  Clsn2[3] = -10, -15, 4, 1
6,1, 0,0, 3
Clsn2: 6
  Clsn2[0] = -9, -41, 7, -26
  Clsn2[1] = -12, -26, 2, -19
  Clsn2[2] = -14, -19, 1, -14
  Clsn2[3] = -16, -14, -10, -10
  Clsn2[4] = -10, -14, 1, 0
  Clsn2[5] = 1, -9, 5, 0
6,0, 0,0, 3




[Begin Action 20]
Clsn2Default: 2
  Clsn2[0] = 4, -48, 20, -32
  Clsn2[1] = -19, -37, 19, -1
30,0, 0,0, 5
30,1, 0,0, 5
30,2, 0,0, 5
30,3, 0,0, 5
30,4, 0,0, 5
30,5, 0,0, 5
30,6, 0,0, 5
30,7, 0,0, 5




[Begin Action 21]
Clsn2Default: 2
  Clsn2[0] = -19, -48, -3, -32
  Clsn2[1] = -16, -38, 20, -2
30,0, 0,0, 5, H
30,1, 0,0, 5, H
30,2, 0,0, 5, H
30,3, 0,0, 5, H
30,4, 0,0, 5, H
30,5, 0,0, 5, H
30,6, 0,0, 5, H
30,7, 0,0, 5, H




[Begin Action 40]
Clsn2: 6
  Clsn2[0] = -9, -41, 7, -26
  Clsn2[1] = -12, -26, 2, -19
  Clsn2[2] = -14, -19, 1, -14
  Clsn2[3] = -16, -14, -10, -10
  Clsn2[4] = -10, -14, 1, 0
  Clsn2[5] = 1, -9, 5, 0
6,0, 0,0, 3




[Begin Action 41]
Clsn2: 7
  Clsn2[0] = -2, -50, 14, -34
  Clsn2[1] = -8, -34, 6, -25
  Clsn2[2] = -8, -25, 9, -16
  Clsn2[3] = -6, -16, 4, -11
  Clsn2[4] = -7, -11, 0, 2
  Clsn2[5] = -14, -33, -8, -20
  Clsn2[6] = -14, -20, -8, -16
40,0, 0,0, 5
Clsn2: 7
  Clsn2[0] = -2, -50, 13, -34
  Clsn2[1] = -8, -34, 6, -25
  Clsn2[2] = -8, -25, 9, -16
  Clsn2[3] = -6, -16, 4, -11
  Clsn2[4] = -7, -11, 0, 2
  Clsn2[5] = -14, -33, -8, -20
  Clsn2[6] = -14, -20, -8, -16
40,1, 0,0, 5




[Begin Action 42]
Clsn2: 7
  Clsn2[0] = -2, -50, 14, -34
  Clsn2[1] = -8, -34, 6, -25
  Clsn2[2] = -8, -25, 9, -16
  Clsn2[3] = -6, -16, 4, -11
  Clsn2[4] = -7, -11, 0, 2
  Clsn2[5] = -14, -33, -8, -20
  Clsn2[6] = -14, -20, -8, -16
40,0, 0,0, 5
Clsn2: 7
  Clsn2[0] = -2, -50, 13, -34
  Clsn2[1] = -8, -34, 6, -25
  Clsn2[2] = -8, -25, 9, -16
  Clsn2[3] = -6, -16, 4, -11
  Clsn2[4] = -7, -11, 0, 2
  Clsn2[5] = -14, -33, -8, -20
  Clsn2[6] = -14, -20, -8, -16
40,1, 0,0, 5

[Begin Action 43]
Clsn2: 7
  Clsn2[0] = -2, -50, 14, -34
  Clsn2[1] = -8, -34, 6, -25
  Clsn2[2] = -8, -25, 9, -16
  Clsn2[3] = -6, -16, 4, -11
  Clsn2[4] = -7, -11, 0, 2
  Clsn2[5] = -14, -33, -8, -20
  Clsn2[6] = -14, -20, -8, -16
40,0, 0,0, 5
Clsn2: 7
  Clsn2[0] = -2, -50, 13, -34
  Clsn2[1] = -8, -34, 6, -25
  Clsn2[2] = -8, -25, 9, -16
  Clsn2[3] = -6, -16, 4, -11
  Clsn2[4] = -7, -11, 0, 2
  Clsn2[5] = -14, -33, -8, -20
  Clsn2[6] = -14, -20, -8, -16
40,1, 0,0, 5

[Begin Action 44]
Clsn2: 8
  Clsn2[0] = -7, -48, 9, -33
  Clsn2[1] = -7, -33, 5, -23
  Clsn2[2] = -10, -23, 9, -14
  Clsn2[3] = -8, -14, -3, -5
  Clsn2[4] = -8, -5, -3, 2
  Clsn2[5] = -3, -14, 5, -3
  Clsn2[6] = -12, -32, -7, -26
  Clsn2[7] = -17, -27, -10, -19
40,2, 0,0, 5
Clsn2: 8
  Clsn2[0] = -7, -48, 9, -33
  Clsn2[1] = -7, -33, 5, -23
  Clsn2[2] = -10, -23, 9, -14
  Clsn2[3] = -8, -14, -3, -5
  Clsn2[4] = -8, -5, -3, 2
  Clsn2[5] = -3, -14, 5, -3
  Clsn2[6] = -12, -32, -7, -26
  Clsn2[7] = -17, -27, -10, -19
40,3, 0,0, 5




[Begin Action 47]
Clsn2: 6
  Clsn2[0] = -9, -41, 7, -26
  Clsn2[1] = -12, -26, 2, -19
  Clsn2[2] = -14, -19, 1, -14
  Clsn2[3] = -16, -14, -10, -10
  Clsn2[4] = -10, -14, 1, 0
  Clsn2[5] = 1, -9, 5, 0
6,0, 0,0, 3
Clsn2: 4
  Clsn2[0] = -8, -36, 8, -21
  Clsn2[1] = -10, -21, 3, -15
  Clsn2[2] = -14, -18, -10, -6
  Clsn2[3] = -10, -15, 4, 1
6,1, 0,0, 6
Clsn2: 6
  Clsn2[0] = -9, -41, 7, -26
  Clsn2[1] = -12, -26, 2, -19
  Clsn2[2] = -14, -19, 1, -14
  Clsn2[3] = -16, -14, -10, -10
  Clsn2[4] = -10, -14, 1, 0
  Clsn2[5] = 1, -9, 5, 0
6,0, 0,0, 3




[Begin Action 50]
Clsn2: 7
  Clsn2[0] = -7, -50, 8, -34
  Clsn2[1] = -8, -34, 6, -25
  Clsn2[2] = -8, -25, 9, -16
  Clsn2[3] = -6, -16, 4, -11
  Clsn2[4] = -7, -11, 0, 2
  Clsn2[5] = -14, -33, -8, -20
  Clsn2[6] = -14, -20, -8, -16
40,0, 0,0, 5
Clsn2: 8
  Clsn2[0] = -7, -48, 9, -33
  Clsn2[1] = -7, -33, 5, -23
  Clsn2[2] = -10, -23, 9, -14
  Clsn2[3] = -8, -14, -3, -5
  Clsn2[4] = -8, -5, -3, 2
  Clsn2[5] = -3, -14, 5, -3
  Clsn2[6] = -12, -32, -7, -26
  Clsn2[7] = -17, -27, -10, -19
40,1, 0,0, 15
LoopStart
Clsn2: 8
  Clsn2[0] = -7, -48, 9, -33
  Clsn2[1] = -7, -33, 5, -23
  Clsn2[2] = -10, -23, 9, -14
  Clsn2[3] = -8, -14, -3, -5
  Clsn2[4] = -8, -5, -3, 2
  Clsn2[5] = -3, -14, 5, -3
  Clsn2[6] = -12, -32, -7, -26
  Clsn2[7] = -17, -27, -10, -19
40,2, 0,0, 5
Clsn2: 8
  Clsn2[0] = -7, -48, 9, -33
  Clsn2[1] = -7, -33, 5, -23
  Clsn2[2] = -10, -23, 9, -14
  Clsn2[3] = -8, -14, -3, -5
  Clsn2[4] = -8, -5, -3, 2
  Clsn2[5] = -3, -14, 5, -3
  Clsn2[6] = -12, -32, -7, -26
  Clsn2[7] = -17, -27, -10, -19
40,3, 0,0, 5

[Begin Action 100]
Clsn2Default: 2
  Clsn2[0] = -17, -34, 21, 2
  Clsn2[1] = 9, -41, 24, -23
100,0, 0,0, 3
100,1, 0,0, 2
100,2, 0,0, 2
100,3, 0,0, 3
100,4, 0,0, 2
100,5, 0,0, 2
100,6, 0,0, 2
100,7, 0,0, 2





[Begin Action 102]
Clsn2: 10
  Clsn2[0] = 2, -38, 18, -24
  Clsn2[1] = -14, -34, -4, -27
  Clsn2[2] = -4, -31, 2, -24
  Clsn2[3] = -2, -24, 11, -16
  Clsn2[4] = -5, -16, 14, -10
  Clsn2[5] = -1, -10, 5, -2
  Clsn2[6] = 5, -10, 12, -7
  Clsn2[7] = -11, -15, -5, -8
  Clsn2[8] = -18, -11, -11, -6
  Clsn2[9] = -23, -6, -15, 0
60,0, 0,0, 5
Clsn2: 10
  Clsn2[0] = 2, -38, 18, -24
  Clsn2[1] = -14, -34, -4, -27
  Clsn2[2] = -4, -31, 2, -24
  Clsn2[3] = -2, -24, 11, -16
  Clsn2[4] = -5, -16, 14, -10
  Clsn2[5] = -1, -10, 5, -2
  Clsn2[6] = 5, -10, 12, -7
  Clsn2[7] = -11, -15, -5, -8
  Clsn2[8] = -18, -11, -11, -6
  Clsn2[9] = -23, -6, -15, 0
60,1, 0,0, 12





[Begin Action 103]
Clsn2Default: 7
  Clsn2[0] = -11, -46, 3, -32
  Clsn2[1] = -14, -36, -11, -30
  Clsn2[2] = -11, -32, 6, -26
  Clsn2[3] = -7, -26, 4, -20
  Clsn2[4] = -11, -20, 7, -14
  Clsn2[5] = -13, -14, 9, -5
  Clsn2[6] = 5, -5, 11, 1
Clsn2Default: 6
  Clsn2[0] = -14, -36, -11, -30
  Clsn2[1] = -11, -32, 6, -26
  Clsn2[2] = -7, -26, 4, -20
  Clsn2[3] = -11, -20, 7, -14
  Clsn2[4] = -13, -14, 9, -5
  Clsn2[5] = 5, -5, 11, 1
60,4, 0,0, 5
60,5, 0,0, 12





[Begin Action 105]
Clsn2: 7
  Clsn2[0] = -7, -50, 8, -34
  Clsn2[1] = -8, -34, 6, -25
  Clsn2[2] = -8, -25, 9, -16
  Clsn2[3] = -6, -16, 4, -11
  Clsn2[4] = -7, -11, 0, 2
  Clsn2[5] = -14, -33, -8, -20
  Clsn2[6] = -14, -20, -8, -16
40,2, 0,0, 5
LoopStart
Clsn2: 10
  Clsn2[0] = -6, -50, 9, -36
  Clsn2[1] = -8, -36, 10, -29
  Clsn2[2] = -4, -29, 11, -21
  Clsn2[3] = -12, -21, 8, -11
  Clsn2[4] = -8, -11, 9, -7
  Clsn2[5] = -7, -7, 4, -2
  Clsn2[6] = 6, -7, 12, 1
  Clsn2[7] = -7, -24, -4, -21
  Clsn2[8] = -16, -38, -8, -32
  Clsn2[9] = -13, -32, -8, -29
40,3, 0,0, 10



; Comienzo Guard Stand
[Begin Action 120]
Clsn2: 1
  Clsn2[0] = -11, -51, 12, 2
0,70, 0,0, 2
Clsn2: 3
  Clsn2[0] = -23, -8, 17, 2
  Clsn2[1] = -13, -38, -3, -8
  Clsn2[2] = -3, -48, 7, -8
Loopstart
0,71, 0,0, 2


; Comienzo Guard Agachado
[Begin Action 121]
Clsn2: 3
  Clsn2[0] = -24, -9, -14, 1
  Clsn2[1] = -14, -19, -4, 1
  Clsn2[2] = -4, -49, 16, 1
0,70, 0,0, 2
Clsn2: 3
  Clsn2[0] = -23, -8, 17, 2
  Clsn2[1] = -13, -38, -3, -8
  Clsn2[2] = -3, -48, 7, -8
Loopstart
0,71, 0,0, 2


; Comienzo Guard Aire
[Begin Action 122]
Clsn2: 2
  Clsn2[0] = -16, -14, -6, -4
  Clsn2[1] = -6, -54, 14, -14
0,80, 0,0, 2
Clsn2: 2
  Clsn2[0] = -16, -23, -6, -3
  Clsn2[1] = -6, -53, 14, -13
Loopstart
0,81, 0,0, 2


; Guard Stand
[Begin Action 130]
Clsn2: 3
  Clsn2[0] = -23, -8, 17, 2
  Clsn2[1] = -13, -38, -3, -8
  Clsn2[2] = -3, -48, 7, -8
0,71, 0,0, 1


; Guard Agachado
[Begin Action 131]
Clsn2: 3
  Clsn2[0] = -23, -8, 17, 2
  Clsn2[1] = -13, -38, -3, -8
  Clsn2[2] = -3, -48, 7, -8
0,71, 0,0, 1


; Guard Aire
[Begin Action 132]
Clsn2: 2
  Clsn2[0] = -16, -23, -6, -3
  Clsn2[1] = -6, -53, 14, -13
0,81, 0,0, 1


; Guard Fin Stand
[Begin Action 140]
Clsn2: 3
  Clsn2[0] = -23, -8, 17, 2
  Clsn2[1] = -13, -38, -3, -8
  Clsn2[2] = -3, -48, 7, -8
0,71, 0,0, 2
Clsn2: 4
  Clsn2[0] = -23, -8, 17, 2
  Clsn2[1] = -13, -18, 7, -8
  Clsn2[2] = -13, -28, -3, -18
  Clsn2[3] = -3, -48, 17, -18
0,72, 0,0, 2


; Guard Fin Agachado
[Begin Action 141]
Clsn2: 3
  Clsn2[0] = -23, -8, 17, 2
  Clsn2[1] = -13, -38, -3, -8
  Clsn2[2] = -3, -48, 7, -8
0,71, 0,0, 2
Clsn2: 4
  Clsn2[0] = -23, -8, 17, 2
  Clsn2[1] = -13, -18, 7, -8
  Clsn2[2] = -13, -28, -3, -18
  Clsn2[3] = -3, -48, 17, -18
0,72, 0,0, 2


; Guard Fin Aire
[Begin Action 142]
Clsn2: 3
  Clsn2[0] = -16, -23, -6, -3
  Clsn2[1] = -6, -43, 4, -13
  Clsn2[2] = 4, -53, 14, -13
0,82, 0,0, 4


; Guard Golpeado Stand
[Begin Action 150]
Clsn2: 3
  Clsn2[0] = -23, -8, 17, 2
  Clsn2[1] = -13, -38, -3, -8
  Clsn2[2] = -3, -48, 7, -8
0,71, 0,0, 1


; Guard Golpeado Agachado
[Begin Action 151]
Clsn2: 3
  Clsn2[0] = -23, -8, 17, 2
  Clsn2[1] = -13, -38, -3, -8
  Clsn2[2] = -3, -48, 7, -8
0,71, 0,0, 1


; Guard Golpeado Aire
[Begin Action 152]
Clsn2: 2
  Clsn2[0] = -16, -23, -6, -3
  Clsn2[1] = -6, -53, 14, -13
0,81, 0,0, 1


; Lose
[Begin Action 170]
170,0, 0,0, 5
170,1, 0,0, 5
Loopstart
170,2, 0,0, 10
170,3, 0,0, 15
170,4, 0,0, 10

; Win
[Begin Action 180]
190,0, 0,0, 3
190,1, 0,0, 3
190,2, 0,0, 3
Loopstart
190,3, 0,0, 5
190,4, 0,0, 5
190,5, 0,0, 5
190,6, 0,0, 5

[Begin Action 181]
1071,0, 0,0, 10, , A
1071,1, 0,0, 10, , A
1071,2, 0,0, 10, , A
1071,3, 0,0, 10, , A
1071,4, 0,0, 10, , A
1071,5, 0,0, 10, , A

; Introduccion
[Begin Action 190]
190,3, 0,0, 5
190,4, 0,0, 5
190,5, 0,0, 5
190,6, 0,0, 5

[Begin Action 191]
190,2, 0,0, 5
190,1, 0,0, 5
190,0, 0,0, 5

; A - 1
[Begin Action 200]
Clsn2: 3
  Clsn2[0] = -12, -18, -4, -2
  Clsn2[1] = -12, -42, -4, -26
  Clsn2[2] = -4, -50, 12, -2
200,6, 0,0, 4
Clsn2: 4
  Clsn2[0] = -14, -9, -6, -1
  Clsn2[1] = -6, -33, 18, -1
  Clsn2[2] = -6, -41, 2, -33
  Clsn2[3] = 2, -49, 10, -33
200,7, 0,0, 2
Clsn1: 1
  Clsn1[0] = 19, -35, 45, -19
Clsn2: 5
  Clsn2[0] = -13, -7, -5, 1
  Clsn2[1] = -5, -15, 19, 1
  Clsn2[2] = 3, -23, 27, -15
  Clsn2[3] = -5, -39, 11, -23
  Clsn2[4] = 11, -47, 19, -23
200,8, 0,0, 2
Clsn2: 3
  Clsn2[0] = -13, -7, -5, 1
  Clsn2[1] = -5, -31, 3, 1
  Clsn2[2] = 3, -47, 19, 1
200,8, 0,0, 5
Clsn2: 2
  Clsn2[0] = -13, -19, 18, 1
  Clsn2[1] = -6, -47, 17, -19
200,7, 0,0, 2
Clsn2: 4
  Clsn2[0] = -14, -10, -6, -2
  Clsn2[1] = -6, -18, 18, -2
  Clsn2[2] = -14, -34, -6, -18
  Clsn2[3] = -6, -50, 10, -18
200,9, 0,0, 2
Clsn2: 1
  Clsn2[0] = -8, -50, 9, 0
200,4, 0,0, 2

; A - 2
[Begin Action 210]
Clsn2: 3
  Clsn2[0] = -12, -18, -4, -2
  Clsn2[1] = -12, -42, -4, -26
  Clsn2[2] = -4, -50, 12, -2
200,0, 0,0, 4
Clsn2: 4
  Clsn2[0] = -14, -9, -6, -1
  Clsn2[1] = -6, -33, 18, -1
  Clsn2[2] = -6, -41, 2, -33
  Clsn2[3] = 2, -49, 10, -33
200,1, 0,0, 2
Clsn1: 1
  Clsn1[0] = 19, -35, 45, -19
Clsn2: 6
  Clsn2[0] = -13, -7, -5, 1
  Clsn2[1] = -5, -15, 19, 1
  Clsn2[2] = 3, -23, 27, -15
  Clsn2[3] = 27, -31, 51, -23
  Clsn2[4] = -5, -39, 11, -23
  Clsn2[5] = 11, -47, 19, -23
200,2, 0,0, 2
Clsn2: 3
  Clsn2[0] = -13, -7, -5, 1
  Clsn2[1] = -5, -31, 3, 1
  Clsn2[2] = 3, -47, 19, 1
200,3, 0,0, 5
Clsn2: 4
  Clsn2[0] = -14, -10, -6, -2
  Clsn2[1] = -6, -18, 18, -2
  Clsn2[2] = -14, -34, -6, -18
  Clsn2[3] = -6, -50, 10, -18
200,4, 0,0, 5

; A - 3
[Begin Action 220]
Clsn2: 4
  Clsn2[0] = -9, -26, 7, -2
  Clsn2[1] = -9, -34, 15, -26
  Clsn2[2] = -9, -42, -1, -34
  Clsn2[3] = -1, -50, 7, -34
200,19, 0,0, 2
Clsn2: 4
  Clsn2[0] = -18, -12, -10, -4
  Clsn2[1] = -10, -28, 14, -4
  Clsn2[2] = -10, -36, 6, -28
  Clsn2[3] = 6, -44, 22, -28
200,22, 0,0, 2
Clsn2: 4
  Clsn2[0] = -17, -12, -9, -4
  Clsn2[1] = -9, -28, 15, -4
  Clsn2[2] = -9, -36, 7, -28
  Clsn2[3] = 7, -44, 23, -28
200,21, 0,0, 3
Clsn2: 3
  Clsn2[0] = -9, -28, 15, -4
  Clsn2[1] = -9, -36, 7, -28
  Clsn2[2] = 7, -44, 23, -28
200,20, 0,0, 3
Clsn2: 5
  Clsn2[0] = 6, -11, 22, -3
  Clsn2[1] = -18, -11, -2, -3
  Clsn2[2] = -2, -19, 14, -11
  Clsn2[3] = -2, -35, 6, -19
  Clsn2[4] = 6, -43, 22, -19
200,23, 0,0, 2
Clsn1: 1
  Clsn1[0] = 19, -47, 49, -19
Clsn2: 5
  Clsn2[0] = -18, -11, -2, -3
  Clsn2[1] = -2, -19, 14, -3
  Clsn2[2] = -2, -27, 22, -19
  Clsn2[3] = -2, -35, 30, -27
  Clsn2[4] = 6, -43, 22, -35
200,24, 0,0, 9
Clsn2: 5
  Clsn2[0] = -18, -11, -2, -3
  Clsn2[1] = -2, -19, 14, -3
  Clsn2[2] = -2, -27, 22, -19
  Clsn2[3] = -2, -35, 30, -27
  Clsn2[4] = 6, -43, 22, -35
200,24, 0,0, 6
Clsn2: 4
  Clsn2[0] = -9, -26, 7, -2
  Clsn2[1] = -9, -34, 15, -26
  Clsn2[2] = -9, -42, -1, -34
  Clsn2[3] = -1, -50, 7, -34
200,26, 0,0, 3
Clsn2: 1
  Clsn2[0] = -9, -51, 7, -3
200,16, 0,0, 3
Clsn2: 2
  Clsn2[0] = -14, -35, -6, -3
  Clsn2[1] = -6, -51, 10, -3
200,17, 0,0, 3

; Down+A
[Begin Action 250]
Clsn2: 5
  Clsn2[0] = -7, -11, 13, -1
  Clsn2[1] = -7, -21, 3, -11
  Clsn2[2] = -7, -31, 13, -21
  Clsn2[3] = -7, -41, 3, -31
  Clsn2[4] = -7, -51, 13, -41
200,102, 0,0, 3
Clsn2: 2
  Clsn2[0] = -9, -39, 1, 1
  Clsn2[1] = 1, -49, 11, 1
200,101, 0,0, 2
Clsn1: 1
  Clsn1[0] = -18, -47, 22, 2
Clsn2: 1
  Clsn2[0] = -17, -46, 21, 1
200,99, 0,0, 25
Clsn2: 3
  Clsn2[0] = -19, -8, -9, 2
  Clsn2[1] = -9, -38, 1, 2
  Clsn2[2] = 1, -48, 11, 2
200,100, 0,0, 2
Clsn2: 2
  Clsn2[0] = -9, -39, 1, 1
  Clsn2[1] = 1, -49, 11, 1
200,97, 0,0, 2
Clsn2: 5
  Clsn2[0] = -7, -11, 13, -1
  Clsn2[1] = -7, -21, 3, -11
  Clsn2[2] = -7, -31, 13, -21
  Clsn2[3] = -7, -41, 3, -31
  Clsn2[4] = -7, -51, 13, -41
200,102, 0,0, 2

[Begin Action 251]
200,99, 0,0, 2
200,103, 0,0, 2
Clsn1: 1
  Clsn1[0] = -35, -39, 40, -17
200,104, 0,0, 2
Clsn2: 2
  Clsn2[0] = -10, -37, 0, -7
  Clsn2[1] = 0, -47, 10, -7
200,103, 0,0, 2
Clsn2: 3
  Clsn2[0] = -12, -16, 18, -6
  Clsn2[1] = -12, -36, -2, -16
  Clsn2[2] = -2, -46, 8, -16
200,105, 0,0, 10
Clsn2: 3
  Clsn2[0] = -20, -8, -10, 2
  Clsn2[1] = -10, -38, 0, 2
  Clsn2[2] = 0, -48, 10, 2
200,100, 0,0, 4
Clsn2: 2
  Clsn2[0] = -9, -39, 1, 1
  Clsn2[1] = 1, -49, 11, 1
200,101, 0,0, 4
Clsn2: 5
  Clsn2[0] = -7, -11, 13, -1
  Clsn2[1] = -7, -21, 3, -11
  Clsn2[2] = -7, -31, 13, -21
  Clsn2[3] = -7, -41, 3, -31
  Clsn2[4] = -7, -51, 13, -41
200,102, 0,0, 4

[Begin Action 260]
7590,0, 0,0, 4, , A
7590,1, 0,0, 4, , A
7590,2, 0,0, 4, , A
7590,3, 0,0, 4, , A
7590,4, 0,0, 4, , A
7590,5, 0,0, 4, , A

; B - 1
[Begin Action 300]
Clsn2: 4
  Clsn2[0] = -16, -6, 0, 2
  Clsn2[1] = -16, -14, -8, -6
  Clsn2[2] = -8, -38, 8, -6
  Clsn2[3] = 8, -46, 16, 2
200,10, 0,0, 2
Clsn1: 1
  Clsn1[0] = 9, -32, 46, -19
Clsn2: 4
  Clsn2[0] = -8, -20, 16, -4
  Clsn2[1] = 0, -28, 32, -20
  Clsn2[2] = -8, -36, 8, -28
  Clsn2[3] = 8, -44, 24, -28
200,11, 0,0, 2
Clsn1: 1
  Clsn1[0] = -12, -32, 45, -19
Clsn2: 3
  Clsn2[0] = -16, -12, -8, -4
  Clsn2[1] = -8, -36, 8, -4
  Clsn2[2] = 8, -44, 16, -4
200,12, 0,0, 2
Clsn2: 3
  Clsn2[0] = -16, -12, -8, -4
  Clsn2[1] = -8, -36, 8, -4
  Clsn2[2] = 8, -44, 16, -4
200,13, 0,0, 4
Clsn2: 3
  Clsn2[0] = -10, -23, -2, 1
  Clsn2[1] = -10, -39, -2, -31
  Clsn2[2] = -2, -47, 14, 1
200,14, 0,0, 3
Clsn2: 3
  Clsn2[0] = -4, -18, 4, -2
  Clsn2[1] = -12, -26, -4, -18
  Clsn2[2] = -4, -50, 12, -18
200,15, 0,0, 3
Clsn2: 1
  Clsn2[0] = -10, -51, 6, -3
200,16, 0,0, 3

; B - 2
[Begin Action 310]
Clsn2: 5
  Clsn2[0] = -10, -9, 6, -1
  Clsn2[1] = -10, -17, 22, -9
  Clsn2[2] = -2, -33, 14, -17
  Clsn2[3] = -2, -41, 22, -33
  Clsn2[4] = -2, -49, 14, -41
200,87, 0,0, 3
Clsn2: 2
  Clsn2[0] = -12, -17, -4, -1
  Clsn2[1] = -4, -49, 12, -1
200,88, 0,0, 3
Clsn2: 5
  Clsn2[0] = -17, -9, -9, -1
  Clsn2[1] = -9, -17, 23, -1
  Clsn2[2] = -1, -33, 15, -17
  Clsn2[3] = 7, -41, 23, -33
  Clsn2[4] = 7, -49, 15, -41
200,89, 0,0, 2
Clsn1: 1
  Clsn1[0] = 20, -39, 54, -7
Clsn2: 6
  Clsn2[0] = 6, -10, 22, -2
  Clsn2[1] = -18, -10, -2, -2
  Clsn2[2] = -18, -18, 30, -10
  Clsn2[3] = -10, -26, -2, -18
  Clsn2[4] = -2, -34, 6, -18
  Clsn2[5] = 6, -42, 22, -18
200,32, 0,0, 2
Clsn2: 6
  Clsn2[0] = 6, -12, 22, -4
  Clsn2[1] = -18, -12, -10, -4
  Clsn2[2] = -10, -20, -2, -4
  Clsn2[3] = -2, -28, 14, -12
  Clsn2[4] = -10, -36, 6, -28
  Clsn2[5] = 6, -44, 22, -28
200,33, 0,0, 10
Clsn2: 3
  Clsn2[0] = -10, -23, 14, 1
  Clsn2[1] = -10, -31, 6, -23
  Clsn2[2] = -2, -47, 14, -31
200,34, 0,0, 4
Clsn2: 4
  Clsn2[0] = -9, -26, 7, -2
  Clsn2[1] = -9, -34, 15, -26
  Clsn2[2] = -9, -42, -1, -34
  Clsn2[3] = -1, -50, 7, -34
200,35, 0,0, 4
Clsn2: 2
  Clsn2[0] = -18, -35, -10, -27
  Clsn2[1] = -10, -51, 6, -3
200,36, 0,0, 4

; B - 3
[Begin Action 320]
Clsn2: 4
  Clsn2[0] = -17, -6, -1, 2
  Clsn2[1] = -17, -14, -9, -6
  Clsn2[2] = -9, -38, 7, -6
  Clsn2[3] = 7, -46, 15, 2
200,10, 0,0, 3
Clsn2: 5
  Clsn2[0] = -17, -12, -9, -4
  Clsn2[1] = -9, -20, -1, -4
  Clsn2[2] = -1, -28, 15, -4
  Clsn2[3] = -9, -36, 7, -28
  Clsn2[4] = 7, -44, 23, -28
200,37, 0,0, 5
Clsn2: 5
  Clsn2[0] = -17, -12, -9, -4
  Clsn2[1] = -9, -20, -1, -4
  Clsn2[2] = -1, -28, 15, -4
  Clsn2[3] = -9, -36, 7, -28
  Clsn2[4] = 7, -44, 23, -28
200,38, 0,0, 2
Clsn1: 2
  Clsn1[0] = -27, -68, 33, -45
  Clsn1[1] = 24, -48, 53, -9
Clsn2: 5
  Clsn2[0] = -14, -16, -6, 0
  Clsn2[1] = -14, -32, -6, -24
  Clsn2[2] = -6, -40, 2, -8
  Clsn2[3] = 2, -48, 10, 0
  Clsn2[4] = -14, -48, -6, -40
200,39, 0,0, 3
Clsn2: 2
  Clsn2[0] = -16, -6, -8, 2
  Clsn2[1] = -8, -46, 16, 2
200,40, 0,0, 3
Clsn2: 1
  Clsn2[0] = -10, -45, 14, -5
200,41, 0,0, 8
Clsn2: 3
  Clsn2[0] = -9, -23, 15, 1
  Clsn2[1] = -9, -31, 7, -23
  Clsn2[2] = -1, -47, 15, -31
200,42, 0,0, 3
Clsn2: 4
  Clsn2[0] = -9, -26, 7, -2
  Clsn2[1] = -9, -34, 15, -26
  Clsn2[2] = -9, -42, -1, -34
  Clsn2[3] = -1, -50, 7, -34
200,43, 0,0, 3
Clsn2: 1
  Clsn2[0] = -10, -51, 6, -3
200,44, 0,0, 3

; B - 4
[Begin Action 330]
Clsn2: 2
  Clsn2[0] = -9, -20, 11, 0
  Clsn2[1] = -6, -50, 14, -20
200,57, 0,0, 2
Clsn2: 4
  Clsn2[0] = -9, -25, 11, -5
  Clsn2[1] = -9, -35, 1, -25
  Clsn2[2] = -19, -45, 11, -35
  Clsn2[3] = -9, -55, 1, -45
200,58, 0,0, 6
Clsn2: 4
  Clsn2[0] = -5, -17, 15, -7
  Clsn2[1] = -5, -27, 35, -17
  Clsn2[2] = -5, -37, 5, -27
  Clsn2[3] = 5, -47, 25, -27
200,59, 0,0, 2
Clsn1: 1
  Clsn1[0] = 14, -45, 48, -2
Clsn2: 3
  Clsn2[0] = -15, -10, -5, 0
  Clsn2[1] = -5, -30, 15, 0
  Clsn2[2] = 15, -40, 25, 0
200,60, 0,0, 2
Clsn2: 3
  Clsn2[0] = -15, -10, -5, 0
  Clsn2[1] = -5, -30, 15, 0
  Clsn2[2] = 15, -40, 25, 0
200,61, 0,0, 12
Clsn2: 3
  Clsn2[0] = -9, -10, 11, 0
  Clsn2[1] = -17, -37, -7, -27
  Clsn2[2] = -7, -47, 8, -10
200,62, 0,0, 4
Clsn2: 2
  Clsn2[0] = -9, -40, 1, -20
  Clsn2[1] = 1, -50, 11, 0
200,63, 0,0, 3
Clsn2: 5
  Clsn2[0] = -7, -11, 13, -1
  Clsn2[1] = -7, -21, 3, -11
  Clsn2[2] = -7, -31, 13, -21
  Clsn2[3] = -7, -41, 3, -31
  Clsn2[4] = -7, -51, 13, -41
200,64, 0,0, 3
Clsn2: 5
  Clsn2[0] = -7, -11, 13, -1
  Clsn2[1] = -7, -21, 3, -11
  Clsn2[2] = -7, -31, 13, -21
  Clsn2[3] = -7, -41, 3, -31
  Clsn2[4] = -7, -51, 13, -41
200,65, 0,0, 2

[Begin Action 350]
Clsn2: 5
  Clsn2[0] = -7, -11, 13, -1
  Clsn2[1] = -7, -21, 3, -11
  Clsn2[2] = -7, -31, 13, -21
  Clsn2[3] = -7, -41, 3, -31
  Clsn2[4] = -7, -51, 13, -41
200,102, 0,0, 3
Clsn2: 2
  Clsn2[0] = -18, -33, -8, -3
  Clsn2[1] = -8, -43, 12, -3
60,7, 0,0, 2
Clsn2: 3
  Clsn2[0] = -15, -17, -5, -7
  Clsn2[1] = -5, -27, 5, -7
  Clsn2[2] = 5, -37, 15, -7
60,6, 2,0, 2
Clsn2: 3
  Clsn2[0] = -21, -16, 19, -6
  Clsn2[1] = -11, -26, -1, -16
  Clsn2[2] = -1, -36, 29, -16
Loopstart
200,150, 0,0, 3
Clsn2: 3
  Clsn2[0] = -20, -17, 20, -7
  Clsn2[1] = -10, -27, 0, -17
  Clsn2[2] = 0, -37, 30, -17
200,151, 0,0, 3
Clsn2: 3
  Clsn2[0] = -21, -17, -1, -7
  Clsn2[1] = -1, -27, 9, -7
  Clsn2[2] = 9, -37, 29, -17
200,152, 0,0, 3
Clsn2: 4
  Clsn2[0] = -22, -10, 8, 0
  Clsn2[1] = -2, -20, 18, -10
  Clsn2[2] = -2, -30, 8, -20
  Clsn2[3] = 8, -40, 28, -20
200,153, 0,0, 3

[Begin Action 351]
Clsn2: 3
  Clsn2[0] = -18, -9, -8, 1
  Clsn2[1] = -18, -29, -8, -19
  Clsn2[2] = -8, -39, 12, 1
60,6, 0,0, 4
Clsn2: 2
  Clsn2[0] = -18, -33, -8, -3
  Clsn2[1] = -8, -43, 12, -3
60,7, 0,0, 4
Clsn2: 5
  Clsn2[0] = -7, -11, 13, -1
  Clsn2[1] = -7, -21, 3, -11
  Clsn2[2] = -7, -31, 13, -21
  Clsn2[3] = -7, -41, 3, -31
  Clsn2[4] = -7, -51, 13, -41
200,102, 0,0, 4

[Begin Action 355]
1512,0, 0,0, 1, , A
1512,1, 0,0, 1, , A
1512,2, 0,0, 1, , A
1512,3, 0,0, 1, , A
1512,4, 0,0, 1, , A
1512,5, 0,0, 1, , A
1512,6, 0,0, 1, , A
1512,7, 0,0, 1, , A
1512,8, 0,0, 1, , A
1512,9, 0,0, 1, , A
1512,10, 0,0, 1, , A
1512,11, 0,0, 1, , A
1512,12, 0,0, 1, , A
1512,13, 0,0, 1, , A
1512,14, 0,0, 1, , A
1512,15, 0,0, 1, , A
1512,16, 0,0, 1, , A
1512,17, 0,0, 1, , A
1512,18, 0,0, 1, , A
1512,19, 0,0, 1, , A

[Begin Action 360]
Clsn2: 3
  Clsn2[0] = -10, -19, 10, 1
  Clsn2[1] = -10, -39, 0, -29
  Clsn2[2] = 0, -49, 20, -19
200,29, 0,0, 2
Clsn2: 2
  Clsn2[0] = -12, -19, 8, 1
  Clsn2[1] = -2, -49, 18, -19
200,30, 0,0, 6
Clsn2: 4
  Clsn2[0] = -17, -9, -7, 1
  Clsn2[1] = -7, -19, 23, 1
  Clsn2[2] = -7, -29, 13, -19
  Clsn2[3] = 3, -49, 23, -29
200,31, 0,0, 4
Clsn1: 1
  Clsn1[0] = -10, -42, 58, -4
Clsn2: 4
  Clsn2[0] = -19, -12, 21, -2
  Clsn2[1] = -9, -22, 23, -12
  Clsn2[2] = -9, -32, 1, -22
  Clsn2[3] = 1, -42, 21, -22
200,32, 0,0, 2
Clsn2: 2
  Clsn2[0] = -16, -14, -6, -4
  Clsn2[1] = -6, -44, 14, -4
200,33, 0,0, 14
Clsn2: 2
  Clsn2[0] = -8, -37, 2, -7
  Clsn2[1] = 2, -47, 12, -7
200,34, 0,0, 3
Clsn2: 3
  Clsn2[0] = -9, -10, 1, 0
  Clsn2[1] = -9, -40, 1, -20
  Clsn2[2] = 1, -50, 11, 0
200,35, 0,0, 3
Clsn2: 5
  Clsn2[0] = -8, -11, 12, -1
  Clsn2[1] = -8, -21, 2, -11
  Clsn2[2] = -8, -31, 12, -21
  Clsn2[3] = -8, -41, 2, -31
  Clsn2[4] = -8, -51, 12, -41
200,36, 0,0, 3

[Begin Action 365]
1067,0, 0,0, 3, , A
1067,1, 0,0, 3, , A
1067,2, 0,0, 3, , A
1067,3, 0,0, 3, , A
1067,4, 0,0, 3, , A
1067,5, 0,0, 3, , A
1067,6, 0,0, 3, , A
1067,7, 0,0, 3, , A

; C - 1
[Begin Action 400]
Clsn2: 1
  Clsn2[0] = -9, -51, 7, -3
200,102, 0,0, 3
Clsn2: 3
  Clsn2[0] = -13, -18, -5, -2
  Clsn2[1] = -13, -42, -5, -26
  Clsn2[2] = -5, -50, 11, -2
200,0, 0,0, 3
Clsn2: 4
  Clsn2[0] = -18, -6, -2, 2
  Clsn2[1] = -18, -14, -10, -6
  Clsn2[2] = -10, -38, 6, -6
  Clsn2[3] = 6, -46, 14, 2
200,67, 0,0, 3
Clsn1: 1
  Clsn1[0] = 21, -52, 61, -1
Clsn2: 5
  Clsn2[0] = -18, -12, -10, -4
  Clsn2[1] = -10, -20, -2, -4
  Clsn2[2] = -2, -28, 14, -4
  Clsn2[3] = -2, -36, 22, -28
  Clsn2[4] = 14, -44, 30, -36
200,69, 0,0, 2
Clsn2: 3
  Clsn2[0] = -18, -8, -10, 0
  Clsn2[1] = -10, -32, 14, 0
  Clsn2[2] = -2, -40, 22, -32
200,70, 0,0, 2
Clsn2: 2
  Clsn2[0] = -19, -11, -11, -3
  Clsn2[1] = -11, -43, 13, -3
200,71, 0,0, 2
Clsn2: 4
  Clsn2[0] = -15, -13, 17, -5
  Clsn2[1] = -15, -29, 9, -13
  Clsn2[2] = -7, -37, 1, -29
  Clsn2[3] = 1, -45, 17, -29
200,72, 0,0, 2
Clsn1: 1
  Clsn1[0] = 16, -52, 52, -29
Clsn2: 5
  Clsn2[0] = -16, -10, -8, -2
  Clsn2[1] = -8, -18, 16, -2
  Clsn2[2] = -8, -26, 8, -18
  Clsn2[3] = -16, -34, 32, -26
  Clsn2[4] = 0, -42, 18, -34
200,73, 0,0, 2
Clsn1: 1
  Clsn1[0] = 3, -27, 50, -4
Clsn2: 2
  Clsn2[0] = -13, -12, 15, -4
  Clsn2[1] = -13, -36, 19, -12
200,74, 0,0, 3
Clsn2: 3
  Clsn2[0] = -10, -23, 14, 1
  Clsn2[1] = -10, -31, 6, -23
  Clsn2[2] = -2, -47, 14, -31
200,75, 0,0, 4
Clsn2: 4
  Clsn2[0] = -9, -26, 7, -2
  Clsn2[1] = -9, -34, 15, -26
  Clsn2[2] = -9, -42, -1, -34
  Clsn2[3] = -1, -50, 7, -34
200,76, 0,0, 4
Clsn2: 1
  Clsn2[0] = -10, -51, 6, -3
200,77, 0,0, 4

[Begin Action 410]
Clsn2: 5
  Clsn2[0] = -7, -11, 13, -1
  Clsn2[1] = -7, -21, 3, -11
  Clsn2[2] = -7, -31, 13, -21
  Clsn2[3] = -7, -41, 3, -31
  Clsn2[4] = -7, -51, 13, -41
200,102, 0,0, 2
Clsn2: 2
  Clsn2[0] = -11, -39, -1, 1
  Clsn2[1] = -1, -49, 9, 1
200,101, 0,0, 2
Clsn2: 3
  Clsn2[0] = -21, -8, -11, 2
  Clsn2[1] = -11, -38, -1, 2
  Clsn2[2] = -1, -48, 9, 2
200,100, 0,0, 2
Clsn2: 4
  Clsn2[0] = -9, -17, 11, -7
  Clsn2[1] = -9, -27, 21, -17
  Clsn2[2] = -9, -37, 1, -27
  Clsn2[3] = 1, -47, 11, -27
200,99, 0,0, 2
Clsn2: 4
  Clsn2[0] = -17, -15, 13, -5
  Clsn2[1] = -7, -25, 23, -15
  Clsn2[2] = -7, -35, 13, -25
  Clsn2[3] = 3, -45, 23, -35
200,47, 0,0, 2
Clsn1: 1
  Clsn1[0] = 11, -34, 59, -22
Clsn2: 4
  Clsn2[0] = -17, -15, -7, -5
  Clsn2[1] = -7, -25, 13, -5
  Clsn2[2] = -7, -35, 3, -25
  Clsn2[3] = 3, -45, 23, -25
200,48, 0,0, 2
Clsn1: 1
  Clsn1[0] = 11, -34, 59, -22
Clsn2: 4
  Clsn2[0] = -17, -15, -7, -5
  Clsn2[1] = -7, -25, 13, -5
  Clsn2[2] = -7, -35, 3, -25
  Clsn2[3] = 3, -45, 23, -25
200,49, 0,0, 2
Clsn2: 4
  Clsn2[0] = -17, -15, -7, -5
  Clsn2[1] = -7, -25, 13, -5
  Clsn2[2] = -7, -35, 3, -25
  Clsn2[3] = 3, -45, 23, -25
200,50, 0,0, 4
Clsn2: 1
  Clsn2[0] = -8, -47, 12, -7
200,53, 0,0, 5
Clsn2: 3
  Clsn2[0] = -9, -10, 1, 0
  Clsn2[1] = -9, -40, 1, -20
  Clsn2[2] = 1, -50, 11, 0
200,54, 0,0, 3
Clsn2: 5
  Clsn2[0] = -7, -11, 13, -1
  Clsn2[1] = -7, -21, 3, -11
  Clsn2[2] = -7, -31, 13, -21
  Clsn2[3] = -7, -41, 3, -31
  Clsn2[4] = -7, -51, 13, -41
200,55, 0,0, 3

[Begin Action 415]
7098,0, 0,0, 4, , A
7098,1, 0,0, 4, , A
7098,2, 0,0, 4, , A

[Begin Action 420]
Clsn2: 3
  Clsn2[0] = -18, -9, 6, 1
  Clsn2[1] = -18, -33, -2, -9
  Clsn2[2] = -2, -45, 14, -9
200,130, 0,0, 3
Clsn2: 4
  Clsn2[0] = -11, -9, 5, -1
  Clsn2[1] = -11, -25, 13, -9
  Clsn2[2] = -11, -41, 21, -25
  Clsn2[3] = -18, -41, -11, -25
200,131, 0,0, 2
Clsn1: 1
  Clsn1[0] = 14, -70, 43, -6
Clsn2: 3
  Clsn2[0] = -7, -13, 1, -5
  Clsn2[1] = -8, -45, 24, -13
  Clsn2[2] = -2, -55, 22, -45
200,132, 0,0, 2
Clsn1: 2
  Clsn1[0] = 8, -74, 38, -45
  Clsn1[1] = -11, -82, 16, -61
Clsn2: 4
  Clsn2[0] = -10, -10, -2, -2
  Clsn2[1] = -10, -18, 6, -10
  Clsn2[2] = -18, -50, -10, -34
  Clsn2[3] = -10, -58, 14, -18
200,133, 0,0, 2
Clsn2: 4
  Clsn2[0] = -10, -10, -2, -2
  Clsn2[1] = -10, -18, 6, -10
  Clsn2[2] = -18, -50, -10, -34
  Clsn2[3] = -10, -58, 14, -18
200,134, 0,0, 4
Clsn2: 5
  Clsn2[0] = -12, -18, 4, -2
  Clsn2[1] = -4, -34, 12, -18
  Clsn2[2] = -20, -42, 4, -34
  Clsn2[3] = -20, -50, -12, -42
  Clsn2[4] = -12, -58, 12, -42
200,135, 0,0, 2
Clsn2: 2
  Clsn2[0] = -17, -49, -9, -41
  Clsn2[1] = -9, -57, 7, -9
200,136, 0,0, 4
Clsn2: 3
  Clsn2[0] = -8, -31, 8, -7
  Clsn2[1] = -8, -47, 17, -31
  Clsn2[2] = -1, -55, 15, -47
200,137, 0,0, 4
Clsn2: 4
  Clsn2[0] = -18, -23, 6, -7
  Clsn2[1] = -18, -39, -10, -23
  Clsn2[2] = -10, -47, -2, -23
  Clsn2[3] = -2, -55, 14, -23
200,138, 0,-3, 4
LoopStart
Clsn2: 4
  Clsn2[0] = -18, -23, 6, -7
  Clsn2[1] = -18, -39, -10, -23
  Clsn2[2] = -10, -47, -2, -23
  Clsn2[3] = -2, -55, 14, -23
200,86, 0,0, 4

[Begin Action 425]
7503,0, 0,0, 4, , A
7503,1, 0,0, 4, , A
7503,2, 0,0, 4, , A

[Begin Action 450]
Clsn2: 2
  Clsn2[0] = -9, -27, 7, -3
  Clsn2[1] = 7, -35, 15, -11
200,125, 0,0, 6
Clsn2: 3
  Clsn2[0] = -12, -9, 12, -1
  Clsn2[1] = -12, -33, 4, -9
  Clsn2[2] = 4, -41, 20, -9
200,78, 0,0, 2
Clsn2: 4
  Clsn2[0] = -11, -9, 5, -1
  Clsn2[1] = -11, -25, 13, -9
  Clsn2[2] = -11, -41, 21, -25
  Clsn2[3] = -11, -49, 13, -41
200,79, 0,0, 2
Clsn1: 1
  Clsn1[0] = 2, -60, 34, 8
Clsn2: 3
  Clsn2[0] = -7, -13, 1, -5
  Clsn2[1] = -15, -45, 17, -13
  Clsn2[2] = -7, -53, 25, -45
200,80, 0,0, 2
Clsn1: 1
  Clsn1[0] = -3, -62, 31, 18
Clsn2: 4
  Clsn2[0] = -10, -10, -2, -2
  Clsn2[1] = -10, -18, 6, -10
  Clsn2[2] = -18, -50, -10, -34
  Clsn2[3] = -10, -58, 14, -18
200,81, 0,0, 2
Clsn2: 4
  Clsn2[0] = -10, -10, -2, -2
  Clsn2[1] = -10, -18, 6, -10
  Clsn2[2] = -18, -50, -10, -34
  Clsn2[3] = -10, -58, 14, -18
200,81, 0,0, 4
Clsn2: 5
  Clsn2[0] = -12, -18, 4, -2
  Clsn2[1] = -4, -34, 12, -18
  Clsn2[2] = -20, -42, 4, -34
  Clsn2[3] = -20, -50, -12, -42
  Clsn2[4] = -12, -58, 12, -42
200,82, 0,0, 4
Clsn2: 2
  Clsn2[0] = -17, -49, -9, -41
  Clsn2[1] = -9, -57, 7, -9
200,83, 0,0, 4
Clsn2: 3
  Clsn2[0] = -8, -31, 8, -7
  Clsn2[1] = -16, -47, 16, -31
  Clsn2[2] = -8, -55, 8, -47
200,84, 0,0, 4
Clsn2: 4
  Clsn2[0] = -18, -23, 6, -7
  Clsn2[1] = -18, -39, -10, -23
  Clsn2[2] = -10, -47, -2, -23
  Clsn2[3] = -2, -55, 14, -23
200,85, 0,0, 4
Clsn2: 4
  Clsn2[0] = -18, -23, 6, -7
  Clsn2[1] = -18, -39, -10, -23
  Clsn2[2] = -10, -47, -2, -23
  Clsn2[3] = -2, -55, 14, -23
200,86, 0,0, 4

[Begin Action 500]
Clsn2Default: 1
  Clsn2[0] = -14, -49, 12, 0
200,184, 0,0, 3
200,185, 0,0, 3
200,186, 0,0, 3
200,187, 0,0, 6
LoopStart
200,188, 0,0, 5
200,189, 0,0, 5







[Begin Action 501]
Clsn2Default: 1
  Clsn2[0] = -10, -51, 9, 2
200,189, 0,0, 5
200,190, 0,0, 2
200,191, 0,0, 2
200,192, 0,0, 2







[Begin Action 510]
510,0, 0,0, 2, , A
510,1, 0,0, 2, , A
510,2, 0,0, 2, , A
510,3, 0,0, 2, , A
510,4, 0,0, 2, , A
510,5, 0,0, 2, , A
510,6, 0,0, 2, , A
510,7, 0,0, 2, , A
510,8, 0,0, 2, , A
510,9, 0,0, 2, , A
510,10, 0,0, 2, , A
510,11, 0,0, 2, , A
510,12, 0,0, 2, , A





[Begin Action 520]
520,0, 0,0, 1, , A
520,1, 0,0, 1, , A
520,2, 0,0, 1, , A
520,3, 0,0, 1, , A
520,4, 0,0, 2, , A
520,5, 0,0, 2, , A
LoopStart
520,-1, 0,0, 2, , A





[Begin Action 530]
7505,0, 0,0, 2, , A
7505,1, 0,0, 2, , A
7505,2, 0,0, 2, , A
7505,3, 0,0, 2, , A
7505,4, 0,0, 2, , A
7505,5, 0,0, 2, , A
7505,6, 0,0, 2, , A
7505,7, 0,0, 2, , A
7505,8, 0,0, 2, , A
7505,9, 0,0, 2, , A
7505,10, 0,0, 2, , A
7505,11, 0,0, 2, , A
7505,12, 0,0, 2, , A
7505,13, 0,0, 2, , A

; Aura
[Begin Action 550]
1053,0, 0,0, 1
1053,1, 0,0, 1
1053,2, 0,0, 1
1053,3, 0,0, 1
1053,4, 0,0, 1
1053,5, 0,0, 1
1053,6, 0,0, 1
1053,7, 0,0, 1
1053,8, 0,0, 1
1053,9, 0,0, 1
1053,10, 0,0, 1
1053,11, 0,0, 1
1053,12, 0,0, 1
1053,13, 0,0, 1
1053,14, 0,0, 1
1053,15, 0,0, 1
1053,16, 0,0, 1
1053,17, 0,0, 1
1053,18, 0,0, 1
1053,19, 0,0, 1
1053,20, 0,0, 1
1053,21, 0,0, 1
1053,22, 0,0, 1
1053,23, 0,0, 1
1053,24, 0,0, 1
1053,25, 0,0, 1
1053,26, 0,0, 1
1053,27, 0,0, 1
1053,28, 0,0, 1
1053,29, 0,0, 1
1053,30, 0,0, 1
1053,31, 0,0, 1
1053,32, 0,0, 1
1053,33, 0,0, 1
1053,34, 0,0, 1
1053,35, 0,0, 1
1053,36, 0,0, 1
1053,37, 0,0, 1
1053,38, 0,0, 1
1053,39, 0,0, 1
1053,40, 0,0, 1
1053,41, 0,0, 1
1053,42, 0,0, 1
1053,43, 0,0, 1
1053,44, 0,0, 1
1053,45, 0,0, 1
1053,46, 0,0, 1
1053,47, 0,0, 1
1053,48, 0,0, 1
1053,49, 0,0, 1

[Begin Action 551]
7501,10,0,0,2,,A
7501,11,0,0,2,,A
7501,12,0,0,2,,A
7501,13,0,0,2,,A
7501,14,0,0,2,,A
7501,15,0,0,2,,A

; Aura Wave
[Begin Action 560]
1084,0, 0,0, 3, , A
1084,1, 0,0, 3, , A
1084,2, 0,0, 3, , A

[Begin Action 561]
1085,0, 0,0, 3, , A
1085,1, 0,0, 3, , A
1085,2, 0,0, 3, , A

[Begin Action 570]
1049,0, 0,0, 10

;
; Teleport
[Begin Action 580]
580,1, 0,0, 1, , S
580,2, 0,0, 1, , S
580,3, 0,0, 1, , S
580,4, 0,0, 1, , S
580,5, 0,0, 1, , S
580,6, 0,0, 1, , S
580,7, 0,0, 1, , S
580,8, 0,0, 1, , S

; Aura Lines FX
[Begin Action 590]
-1,-1, 0,0, 3,H, S
590,0, 0,0, 3, H, S
590,1, 0,0, 3, H, S
-1,-1, 0,0, 3, H, S
590,2, 0,0, 3, H, S
590,3, 0,0, 3, H, S

[Begin Action 595]
1061,0, 0,0, 2
1061,1, 0,0, 2
1061,2, 0,0, 2
1061,3, 0,0, 2
1061,4, 0,0, 2
1061,5, 0,0, 2
1061,6, 0,0, 2
1061,7, 0,0, 2
1061,8, 0,0, 2
1061,9, 0,0, 2
1061,10, 0,0, 2
1061,11, 0,0, 2
1061,12, 0,0, 2
1061,13, 0,0, 2
1061,14, 0,0, 2
1061,15, 0,0, 2
1061,16, 0,0, 2
1061,17, 0,0, 2
1061,18, 0,0, 2
1061,19, 0,0, 2
1061,20, 0,0, 2
1061,21, 0,0, 2
1061,22, 0,0, 2
1061,23, 0,0, 2
1061,24, 0,0, 2
1061,25, 0,0, 2
1061,26, 0,0, 2
1061,27, 0,0, 2
1061,28, 0,0, 2
1061,29, 0,0, 2
1061,30, 0,0, 2
1061,31, 0,0, 2
1061,32, 0,0, 2
1061,33, 0,0, 2
1061,34, 0,0, 2
1061,35, 0,0, 2
1061,36, 0,0, 2
1061,37, 0,0, 2
1061,38, 0,0, 2
1061,39, 0,0, 2
1061,40, 0,0, 2
1061,41, 0,0, 2
1061,42, 0,0, 2
1061,43, 0,0, 2
1061,44, 0,0, 2
1061,45, 0,0, 2
1061,46, 0,0, 2
1061,47, 0,0, 2
1061,48, 0,0, 2
1061,49, 0,0, 2
1061,50, 0,0, 2
1061,51, 0,0, 2
1061,52, 0,0, 2
1061,53, 0,0, 2
1061,54, 0,0, 2
1061,55, 0,0, 2
1061,56, 0,0, 2
1061,57, 0,0, 2
1061,58, 0,0, 2
1061,59, 0,0, 2
1061,60, 0,0, 2
1061,61, 0,0, 2
1061,62, 0,0, 2
1061,63, 0,0, 2
1061,64, 0,0, 2
1061,65, 0,0, 2
1061,66, 0,0, 2
1061,67, 0,0, 2
1061,68, 0,0, 2
1061,69, 0,0, 2
1061,70, 0,0, 2
1061,71, 0,0, 2
1061,72, 0,0, 2
1061,73, 0,0, 2
1061,74, 0,0, 2
1061,75, 0,0, 2
1061,76, 0,0, 2
1061,77, 0,0, 2
1061,78, 0,0, 2
1061,79, 0,0, 2
1061,80, 0,0, 2
1061,81, 0,0, 2
1061,82, 0,0, 2
1061,83, 0,0, 2
1061,84, 0,0, 2
1061,85, 0,0, 2
1061,86, 0,0, 2
1061,87, 0,0, 2
1061,88, 0,0, 2
1061,89, 0,0, 2
1061,90, 0,0, 2
1061,91, 0,0, 2
1061,92, 0,0, 2
1061,93, 0,0, 2
1061,94, 0,0, 2
1061,95, 0,0, 2
1061,96, 0,0, 2
1061,97, 0,0, 2
1061,98, 0,0, 2
1061,99, 0,0, 2
1061,100, 0,0, 2

; A Aire - 1
[Begin Action 600]
Clsn2: 2
  Clsn2[0] = -11, -41, -1, -11
  Clsn2[1] = -1, -51, 9, -11
200,111, 0,0, 2
Clsn2: 2
  Clsn2[0] = -12, -40, -2, 0
  Clsn2[1] = -2, -50, 8, -10
200,106, 0,0, 4
Clsn2: 3
  Clsn2[0] = -15, -28, 5, -8
  Clsn2[1] = -15, -38, 25, -28
  Clsn2[2] = -5, -48, 15, -38
200,107, 0,0, 2
Clsn1: 1
  Clsn1[0] = -16, -40, 38, -21
Clsn2: 2
  Clsn2[0] = -14, -38, -4, 2
  Clsn2[1] = -4, -48, 6, -8
200,108, 0,0, 2
Clsn2: 2
  Clsn2[0] = -14, -38, -4, 2
  Clsn2[1] = -4, -48, 6, -8
200,108, 0,0, 8
Clsn2: 4
  Clsn2[0] = -9, -21, 1, -1
  Clsn2[1] = -9, -31, 21, -21
  Clsn2[2] = -9, -41, 1, -31
  Clsn2[3] = 1, -51, 11, -31
200,110, 0,0, 4
Clsn2: 2
  Clsn2[0] = -11, -41, -1, -11
  Clsn2[1] = -1, -51, 9, -11
200,111, 0,0, 4
Clsn2: 4
  Clsn2[0] = -13, -17, 7, -7
  Clsn2[1] = -13, -27, 17, -17
  Clsn2[2] = -13, -37, 7, -27
  Clsn2[3] = -3, -47, 17, -37
200,112, 0,0, 4

; A Aire - 2
[Begin Action 605]
Clsn2: 4
  Clsn2[0] = -10, -11, 0, -1
  Clsn2[1] = -10, -31, 10, -11
  Clsn2[2] = -10, -41, 20, -31
  Clsn2[3] = 0, -51, 10, -41
200,113, 0,0, 2
Clsn2: 3
  Clsn2[0] = -17, -12, -7, -2
  Clsn2[1] = -17, -22, 3, -12
  Clsn2[2] = -7, -52, 13, -22
200,114, 0,0, 6
Clsn1: 1
  Clsn1[0] = -3, -33, 34, 23
Clsn2: 2
  Clsn2[0] = -20, -26, -10, -16
  Clsn2[1] = -10, -46, 10, -6
200,115, 0,0, 2
Clsn2: 3
  Clsn2[0] = -14, -20, 6, -10
  Clsn2[1] = -24, -40, 16, -20
  Clsn2[2] = -4, -50, 6, -40
200,116, -3,-2, 2
Clsn2: 1
  Clsn2[0] = -12, -50, 8, -10
200,118, 2,-3, 4
Clsn2: 3
  Clsn2[0] = -9, -30, 11, -10
  Clsn2[1] = -9, -40, 21, -30
  Clsn2[2] = 1, -50, 11, -40
200,119, 1,-9, 4
Clsn2: 4
  Clsn2[0] = -10, -10, 0, 0
  Clsn2[1] = -10, -30, 10, -10
  Clsn2[2] = -10, -40, 20, -30
  Clsn2[3] = 0, -50, 10, -40
200,113, 0,2, 4

; B Aire - 1
[Begin Action 610]
Clsn2: 3
  Clsn2[0] = -17, -19, 3, -9
  Clsn2[1] = -17, -39, 13, -19
  Clsn2[2] = -7, -49, 3, -39
200,120, 0,0, 3
Clsn2: 4
  Clsn2[0] = -18, -21, 2, -11
  Clsn2[1] = -18, -31, -8, -21
  Clsn2[2] = -8, -41, 12, -21
  Clsn2[3] = -8, -51, 2, -41
200,121, 0,0, 5
Clsn2: 2
  Clsn2[0] = -17, -38, 3, 2
  Clsn2[1] = 3, -48, 13, -8
200,122, 0,0, 2
LoopStart
Clsn1: 1
  Clsn1[0] = 32, -14, 62, 13
Clsn2: 3
  Clsn2[0] = -22, -16, 18, -6
  Clsn2[1] = -2, -36, 8, -16
  Clsn2[2] = 8, -46, 28, -16
200,123, 0,0, 2

[Begin Action 611]
Clsn2: 3
  Clsn2[0] = -10, -16, 30, -6
  Clsn2[1] = -10, -26, 0, -16
  Clsn2[2] = 0, -36, 20, -16
200,124, 0,0, 10
Clsn2: 2
  Clsn2[0] = -6, -25, 4, -5
  Clsn2[1] = 4, -35, 14, -5
200,125, 0,0, 4
Clsn2: 3
  Clsn2[0] = -9, -10, 1, 0
  Clsn2[1] = -9, -40, 1, -20
  Clsn2[2] = 1, -50, 11, 0
200,126, 0,0, 4
Clsn2: 5
  Clsn2[0] = -7, -11, 13, -1
  Clsn2[1] = -7, -21, 3, -11
  Clsn2[2] = -7, -31, 13, -21
  Clsn2[3] = -7, -41, 3, -31
  Clsn2[4] = -7, -51, 13, -41
200,127, 0,0, 4

; C Aire - 1
[Begin Action 620]
Clsn2: 4
  Clsn2[0] = -10, -12, 0, -2
  Clsn2[1] = -10, -32, 10, -12
  Clsn2[2] = -10, -42, 20, -32
  Clsn2[3] = 0, -52, 10, -42
200,141, 0,0, 2
Clsn2: 3
  Clsn2[0] = -17, -17, -7, -7
  Clsn2[1] = -17, -47, -7, -37
  Clsn2[2] = -7, -57, 3, -7
200,142, 0,0, 3
Clsn2: 3
  Clsn2[0] = -10, -26, 10, -6
  Clsn2[1] = -10, -36, 20, -26
  Clsn2[2] = 0, -46, 10, -36
200,143, -1,2, 2
LoopStart
Clsn2Default: 1
  Clsn2[0] = -15, -24, 17, 8
Clsn1: 1
  Clsn1[0] = -38, -48, 41, 34
200,149, 0,0, 4

[Begin Action 621]
200,136, 0,0, 3
200,142, 0,0, 5
Clsn1: 1
  Clsn1[0] = -4, -65, 41, 23
200,115, 0,0, 2
200,115, 0,0, 10
200,116, 0,0, 3
200,118, 0,0, 3
200,119, 0,-8, 4
200,113, 0,0, 3
LoopStart
200,112, 0,0, 3

; C Aire - 2
[Begin Action 622]
Clsn2: 2
  Clsn2[0] = -16, -20, 16, -7
  Clsn2[1] = -6, -41, 20, -20
200,145, -1,2, 1
Clsn1: 1
  Clsn1[0] = 9, -42, 46, 1
Clsn2: 3
  Clsn2[0] = -16, -8, -6, 2
  Clsn2[1] = -6, -18, 14, 2
  Clsn2[2] = 4, -28, 24, -18
200,146, 0,0, 2
Clsn2: 3
  Clsn2[0] = -16, -8, -6, 2
  Clsn2[1] = -6, -18, 14, 2
  Clsn2[2] = 4, -28, 24, -18
200,147, 0,0, 2
Clsn2: 3
  Clsn2[0] = -16, -9, -6, 1
  Clsn2[1] = -6, -19, 14, 1
  Clsn2[2] = 4, -29, 24, -19
200,148, 0,0, 11
Clsn2: 2
  Clsn2[0] = -7, -25, 3, -5
  Clsn2[1] = 3, -35, 13, -5
200,125, 0,0, 4
Clsn2: 5
  Clsn2[0] = -8, -11, 12, -1
  Clsn2[1] = -8, -21, 2, -11
  Clsn2[2] = -8, -31, 12, -21
  Clsn2[3] = -8, -41, 2, -31
  Clsn2[4] = -8, -51, 12, -41
200,126, 0,0, 4

;
; Hondas FX
[Begin Action 900]
7025,0, 0,0, 3,, A
7025,1, 0,0, 3,, A
7025,2, 0,0, 3,, AS200D256
7025,3, 0,0, 3,, AS150D256
7025,4, 0,0, 3,, AS100D256
-1,0, 0,0, 5,, AS200D256

; Doryusen
[Begin Action 1000]
Clsn2: 3
  Clsn2[0] = -15, -10, -1, 1
  Clsn2[1] = -1, -30, 17, 1
  Clsn2[2] = 8, -46, 21, -29
200,37, 0,0, 5
Clsn2: 3
  Clsn2[0] = -15, -10, -1, 1
  Clsn2[1] = -1, -30, 17, 1
  Clsn2[2] = 9, -44, 22, -27
200,38, 0,0, 10
Clsn2: 3
  Clsn2[0] = -15, -10, -1, 1
  Clsn2[1] = -1, -30, 17, 1
  Clsn2[2] = 3, -46, 16, -29
200,39, 0,0, 5
Clsn2: 3
  Clsn2[0] = -15, -10, -1, 1
  Clsn2[1] = -2, -30, 16, 1
  Clsn2[2] = 0, -46, 13, -29
200,40, 0,0, 5
Clsn2: 3
  Clsn2[0] = -15, -10, -1, 1
  Clsn2[1] = -2, -30, 16, 1
  Clsn2[2] = 0, -46, 13, -29
200,41, 0,0, 5
Clsn2: 3
  Clsn2[0] = -1, -47, 13, -32
  Clsn2[1] = -6, -35, 11, -13
  Clsn2[2] = -15, -15, 13, 1
200,42, 0,0, 10
Clsn2: 3
  Clsn2[0] = -4, -49, 10, -34
  Clsn2[1] = -8, -36, 9, -14
  Clsn2[2] = -6, -15, 7, 1
200,43, 0,0, 3
Clsn2: 3
  Clsn2[0] = -6, -50, 8, -35
  Clsn2[1] = -10, -36, 7, -14
  Clsn2[2] = -10, -15, 7, 1
200,44, 0,0, 5

[Begin Action 1010]
8122,3, 0,0, 2, , A
8122,4, 0,0, 2, , A
8122,5, 0,0, 2, , A
8122,6, 0,0, 2, , A
8122,7, 0,0, 2, , A
8122,8, 0,0, 2, , A
8122,9, 0,0, 2, , A

[Begin Action 1050]
Clsn1: 1
  Clsn1[0] = -42, -77, 41, 15
-1,0, 0,0, 10

[Begin Action 1060]
1058,0, 0,0, 3, , A
1058,1, 0,0, 3, , A
1058,2, 0,0, 3, , A
1058,3, 0,0, 3, , A
1058,4, 0,0, 3, , A

; Ryushosen
[Begin Action 1100]
Clsn2: 1
  Clsn2[0] = -11, -51, 10, 2
200,102, 0,0, 2
Clsn2: 2
  Clsn2[0] = -5, -43, 12, 1
  Clsn2[1] = -16, -29, -5, 1
60,6, 0,0, 3
Clsn2: 2
  Clsn2[0] = 0, -39, 15, 1
  Clsn2[1] = -15, -26, 0, 1
60,7, 0,0, 10
Clsn2: 3
  Clsn2[0] = -7, -50, 14, -35
  Clsn2[1] = -16, -35, 12, -18
  Clsn2[2] = -11, -18, 8, -1
40,0, 0,0, 5
Clsn2: 1
  Clsn2[0] = -8, -50, 13, -1
200,141, 0,2, 2
Clsn2: 1
  Clsn2[0] = -11, -58, 9, -1
200,142, 0,0, 5
Clsn2: 2
  Clsn2[0] = -6, -49, 16, -27
  Clsn2[1] = -13, -27, 8, -6
200,143, 0,0, 2
LoopStart
Clsn1: 1
  Clsn1[0] = 9, -45, 50, -17
Clsn2: 2
  Clsn2[0] = -2, -43, 20, -21
  Clsn2[1] = -13, -27, 8, -6
200,144, 0,0, 5
Clsn1: 1
  Clsn1[0] = 9, -45, 50, -17
Clsn2: 2
  Clsn2[0] = -2, -43, 20, -21
  Clsn2[1] = -13, -27, 8, -6
200,145, 0,0, 5

[Begin Action 1101]
Clsn2: 1
  Clsn2[0] = -11, -51, 10, 2
40,0, 0,0, 5
Clsn2: 1
  Clsn2[0] = -11, -51, 10, 2
200,113, 0,0, 25
Clsn2: 1
  Clsn2[0] = -11, -58, 9, -1
200,142, 0,0, 8
Clsn2: 2
  Clsn2[0] = -6, -49, 16, -27
  Clsn2[1] = -13, -27, 8, -6
200,143, 0,0, 2
LoopStart
Clsn1: 1
  Clsn1[0] = 9, -45, 50, -17
Clsn2: 2
  Clsn2[0] = -2, -43, 20, -21
  Clsn2[1] = -13, -27, 8, -6
200,144, 0,0, 5
Clsn1: 1
  Clsn1[0] = 9, -45, 50, -17
Clsn2: 2
  Clsn2[0] = -2, -43, 20, -21
  Clsn2[1] = -13, -27, 8, -6
200,145, 0,0, 5

[Begin Action 1102]
Clsn2: 2
  Clsn2[0] = -16, -20, 16, -7
  Clsn2[1] = -6, -41, 20, -20
200,145, -1,2, 1
Clsn1: 1
  Clsn1[0] = 9, -42, 46, 1
Clsn2: 3
  Clsn2[0] = -16, -8, -6, 2
  Clsn2[1] = -6, -18, 14, 2
  Clsn2[2] = 4, -28, 24, -18
200,146, 0,0, 2
Clsn2: 3
  Clsn2[0] = -16, -8, -6, 2
  Clsn2[1] = -6, -18, 14, 2
  Clsn2[2] = 4, -28, 24, -18
200,147, 0,0, 2
Clsn2: 3
  Clsn2[0] = -16, -9, -6, 1
  Clsn2[1] = -6, -19, 14, 1
  Clsn2[2] = 4, -29, 24, -19
200,148, 0,0, 20
Clsn2: 2
  Clsn2[0] = -7, -25, 3, -5
  Clsn2[1] = 3, -35, 13, -5
200,125, 0,0, 4
Clsn2: 5
  Clsn2[0] = -8, -11, 12, -1
  Clsn2[1] = -8, -21, 2, -11
  Clsn2[2] = -8, -31, 12, -21
  Clsn2[3] = -8, -41, 2, -31
  Clsn2[4] = -8, -51, 12, -41
200,126, 0,0, 4

[Begin Action 1130]
7503,0, 0,0, 4, V, A
7503,1, 0,0, 4, V, A
7503,2, 0,0, 4, V, A

; Start
[Begin Action 1200]
Clsn2: 3
  Clsn2[0] = -9, -10, 1, 0
  Clsn2[1] = -9, -40, 1, -20
  Clsn2[2] = 1, -50, 11, 0
200,154, 0,0, 5
Clsn2: 3
  Clsn2[0] = -16, -15, -6, -5
  Clsn2[1] = -6, -35, 4, -5
  Clsn2[2] = 4, -45, 14, -5
200,155, 0,0, 15
Clsn1: 1
  Clsn1[0] = 17, -50, 67, 1
Clsn2: 3
  Clsn2[0] = -16, -13, -6, -3
  Clsn2[1] = -6, -33, 14, -3
  Clsn2[2] = 14, -43, 24, -13
Loopstart
200,156, 0,0, 2
Clsn2: 3
  Clsn2[0] = -16, -15, -6, -5
  Clsn2[1] = -6, -35, 4, -5
  Clsn2[2] = 4, -45, 14, -5
200,157, 0,0, 2
Clsn1: 1
  Clsn1[0] = 17, -50, 67, 1
Clsn2: 4
  Clsn2[0] = -15, -14, -5, -4
  Clsn2[1] = -5, -24, 15, -4
  Clsn2[2] = -5, -34, 5, -24
  Clsn2[3] = 5, -44, 25, -24
200,156, 0,0, 2
Clsn2: 3
  Clsn2[0] = -16, -15, -6, -5
  Clsn2[1] = -6, -35, 4, -5
  Clsn2[2] = 4, -45, 14, -5
200,157, 0,0, 2

; Fin
[Begin Action 1201]
Clsn2: 2
  Clsn2[0] = -8, -47, 15, 1
  Clsn2[1] = -18, -14, -8, 1
200,103, 0,0, 2
Clsn2: 2
  Clsn2[0] = -8, -47, 15, 1
  Clsn2[1] = -18, -14, -8, 1
200,105, 0,0, 12
Clsn2: 1
  Clsn2[0] = -8, -49, 11, 1
200,101, 0,0, 3
Clsn2: 1
  Clsn2[0] = -10, -51, 9, 2
200,102, 0,0, 2

[Begin Action 1202]
Clsn2: 2
  Clsn2[0] = -8, -47, 15, 1
  Clsn2[1] = -18, -14, -8, 1
200,157, 0,0, 2
Clsn1: 1
  Clsn1[0] = -16, -31, 39, -10
Clsn2: 2
  Clsn2[0] = -8, -47, 15, 1
  Clsn2[1] = -18, -14, -8, 1
200,164, 0,0, 3
Clsn2: 2
  Clsn2[0] = -8, -47, 15, 1
  Clsn2[1] = -18, -14, -8, 1
200,164, 0,0, 12
Clsn2: 1
  Clsn2[0] = -8, -47, 15, 1
200,165, 0,0, 3
Clsn2: 1
  Clsn2[0] = -6, -50, 12, 1
200,166, 0,0, 2
Clsn2: 1
  Clsn2[0] = -10, -51, 9, 2
200,102, 0,0, 2

[Begin Action 1250]
1057,0, 0,0, 3, , A
1057,1, 0,0, 3, , A
1057,2, 0,0, 3, , A
1057,3, 0,0, 3, , A
1057,4, 0,0, 3, , A
1057,5, 0,0, 3, , A
1057,13, 0,0, 3, , A

; Super Energy Blast
[Begin Action 1300]
Clsn2: 2
  Clsn2[0] = -14, -32, -4, 2
  Clsn2[1] = -4, -45, 13, 2
200,25, 0,0, 10
Clsn2: 2
  Clsn2[0] = -14, -32, -4, 2
  Clsn2[1] = -4, -45, 13, 2
200,53, 1,0, 10
Clsn2: 3
  Clsn2[0] = -14, -22, 16, 2
  Clsn2[1] = -6, -32, 22, -22
  Clsn2[2] = 2, -42, 22, -32
200,67, 0,0, 20
LoopStart
Clsn1: 1
  Clsn1[0] = 6, -36, 34, 3
Clsn2: 3
  Clsn2[0] = 11, -33, 29, -20
  Clsn2[1] = -6, -20, 21, -7
  Clsn2[2] = -20, -14, -6, 1
60,0, 0,0, 4
Clsn1: 1
  Clsn1[0] = 6, -36, 34, 3
Clsn2: 3
  Clsn2[0] = 11, -33, 29, -20
  Clsn2[1] = -6, -20, 21, -7
  Clsn2[2] = -20, -14, -6, 1
60,1, 0,0, 4

; Fin
[Begin Action 1301]
Clsn2: 2
  Clsn2[0] = -8, -47, 15, 1
  Clsn2[1] = -18, -14, -8, 1
200,105, 0,0, 8
Clsn2: 1
  Clsn2[0] = -8, -49, 11, 1
200,101, 0,0, 3
Clsn2: 1
  Clsn2[0] = -10, -51, 9, 2
200,102, 0,0, 2

; Remate
[Begin Action 1302]
200,20, 0,0, 5
200,21, 0,0, 5
200,23, 0,0, 1
200,24, 0,0, 60
Clsn2: 1
  Clsn2[0] = -8, -49, 11, 1
200,101, 0,0, 3
LoopStart
Clsn2: 1
  Clsn2[0] = -10, -51, 9, 2
200,102, 0,0, 2

; Charge Beam
[Begin Action 1310]
1049,0, 0,0, 10

[Begin Action 1330]
1049,2, 0,0, 10, , A

; Kuzuryusen
[Begin Action 1400]
Clsn2: 2
  Clsn2[0] = -13, -21, 15, 1
  Clsn2[1] = -5, -48, 15, -21
200,57, 0,0, 5
Clsn2: 3
  Clsn2[0] = -15, -12, 15, -2
  Clsn2[1] = -5, -22, 15, -12
  Clsn2[2] = -1, -42, 19, -22
200,56, 0,0, 15
Clsn2: 3
  Clsn2[0] = -14, -9, 16, 1
  Clsn2[1] = -3, -39, 7, -9
  Clsn2[2] = 7, -43, 23, -9
200,45, 0,0, 2
Clsn2: 2
  Clsn2[0] = -17, -8, 16, 2
  Clsn2[1] = 2, -48, 22, -8
200,47, 0,0, 3
LoopStart
Clsn1: 1
  Clsn1[0] = 0, -53, 58, 2
Clsn2: 4
  Clsn2[0] = -17, -15, -7, -5
  Clsn2[1] = -7, -25, 13, -5
  Clsn2[2] = -7, -35, 3, -25
  Clsn2[3] = 3, -45, 23, -25
200,170, 0,0, 4

;  Fin
[Begin Action 1401]
Clsn2: 4
  Clsn2[0] = -17, -15, 13, -5
  Clsn2[1] = -7, -25, 23, -15
  Clsn2[2] = -7, -35, 13, -25
  Clsn2[3] = 3, -45, 23, -35
200,47, 0,0, 3
Clsn2: 4
  Clsn2[0] = -18, -14, -8, -4
  Clsn2[1] = -8, -24, 12, -4
  Clsn2[2] = -8, -34, 2, -24
  Clsn2[3] = 2, -44, 22, -24
200,46, 0,0, 3
Clsn2: 1
  Clsn2[0] = -8, -47, 12, -7
200,53, 0,0, 5
Clsn2: 3
  Clsn2[0] = -9, -10, 1, 0
  Clsn2[1] = -9, -40, 1, -20
  Clsn2[2] = 1, -50, 11, 0
200,54, 0,0, 5
Clsn2: 5
  Clsn2[0] = -7, -11, 13, -1
  Clsn2[1] = -7, -21, 3, -11
  Clsn2[2] = -7, -31, 13, -21
  Clsn2[3] = -7, -41, 3, -31
  Clsn2[4] = -7, -51, 13, -41
200,55, 0,0, 5

[Begin Action 1402]
Clsn1: 1
  Clsn1[0] = -54, -41, 39, -16
Clsn2: 4
  Clsn2[0] = -17, -15, 13, -5
  Clsn2[1] = -7, -25, 23, -15
  Clsn2[2] = -7, -35, 13, -25
  Clsn2[3] = 3, -45, 23, -35
200,47, 0,0, 2
Clsn2: 4
  Clsn2[0] = -18, -14, -8, -4
  Clsn2[1] = -8, -24, 12, -4
  Clsn2[2] = -8, -34, 2, -24
  Clsn2[3] = 2, -44, 22, -24
200,51, 0,0, 60
Clsn2: 1
  Clsn2[0] = -8, -47, 12, -7
200,53, 0,0, 5
Clsn2: 3
  Clsn2[0] = -9, -10, 1, 0
  Clsn2[1] = -9, -40, 1, -20
  Clsn2[2] = 1, -50, 11, 0
200,54, 0,0, 5
Clsn2: 5
  Clsn2[0] = -7, -11, 13, -1
  Clsn2[1] = -7, -21, 3, -11
  Clsn2[2] = -7, -31, 13, -21
  Clsn2[3] = -7, -41, 3, -31
  Clsn2[4] = -7, -51, 13, -41
200,55, 0,0, 5

; FX
[Begin Action 1410]
1056,0, 0,0, 3,, A
1056,1, 0,0, 3,, A
1056,2, 0,0, 3,, A
1056,3, 0,0, 3,, A
1056,4, 0,0, 1,, A

; FX
[Begin Action 1420]
7508,0, 0,0, 8, , A
7508,1, 0,0, 3, , A
7508,2, 0,0, 3, , A
7508,3, 0,0, 3, , A

; FX
[Begin Action 1430]
1120,0, 0,0, 2, , A
1120,1, 0,0, 2, , A
1120,2, 0,0, 2, , A
1120,3, 0,0, 2, , A
1120,4, 0,0, 2, , A
1120,5, 0,0, 2, , A
1120,6, 0,0, 2, , A
1120,7, 0,0, 2, , A
1120,8, 0,0, 2, , A
1120,9, 0,0, 2, , A

[Begin Action 1435]
1570,0, 0,0, 10, , A

[Begin Action 1436]
1570,0, 0,0, 10, H, A

[Begin Action 1450]
Clsn1Default: 1
  Clsn1[0] = -76, -70, 73, 68
1051,0, 0,0, 1, , A
1051,1, 0,0, 1, , A
1051,2, 0,0, 2, , A
1051,3, 0,0, 2, , A
1051,4, 0,0, 2, , A
1051,5, 0,0, 2, , A
1051,6, 0,0, 2, , A
1051,7, 0,0, 2, , A
1051,8, 0,0, 2, , A
1051,9, 0,0, 2, , A
1051,10, 0,0, 2, , A
1051,11, 0,0, 2, , A
1051,12, 0,0, 2, , A
1051,13, 0,0, 2, , A

; Amakakeru Ryu no Hirameki
[Begin Action 1500]
Clsn2: 1
  Clsn2[0] = -10, -51, 11, 1
200,184, 0,0, 3
Clsn2: 4
  Clsn2[0] = -10, -12, 15, 1
  Clsn2[1] = -5, -22, 15, -12
  Clsn2[2] = -5, -42, 15, -22
  Clsn2[3] = -1, -52, 9, -42
200,126, 0,0, 2
Clsn2: 3
  Clsn2[0] = -17, -9, 16, 1
  Clsn2[1] = -5, -39, 5, -9
  Clsn2[2] = 5, -47, 21, -9
200,172, 0,0, 2
Clsn2: 3
  Clsn2[0] = -17, -9, 16, 1
  Clsn2[1] = -5, -39, 5, -9
  Clsn2[2] = 5, -47, 21, -9
200,173, 0,0, 2
LoopStart
Clsn1: 1
  Clsn1[0] = -20, -50, 27, 1
Clsn2: 3
  Clsn2[0] = -17, -9, 16, 1
  Clsn2[1] = -5, -39, 5, -9
  Clsn2[2] = 5, -47, 21, -9
200,174, 0,0, 2

[Begin Action 1501]
Clsn2: 2
  Clsn2[0] = 3, -43, 23, 1
  Clsn2[1] = -14, -17, 3, 1
200,174, 0,0, 2
Clsn2: 3
  Clsn2[0] = -1, -25, 21, 1
  Clsn2[1] = -20, -16, -1, 1
  Clsn2[2] = 7, -41, 31, -25
200,175, 0,0, 1
Clsn1: 2
  Clsn1[0] = -11, -66, 23, -32
  Clsn1[1] = 23, -66, 59, 2
Clsn2: 3
  Clsn2[0] = -1, -25, 21, 1
  Clsn2[1] = -20, -16, -1, 1
  Clsn2[2] = 7, -41, 31, -25
200,176, 0,0, 2
Clsn2: 3
  Clsn2[0] = -1, -25, 21, 1
  Clsn2[1] = -20, -16, -1, 1
  Clsn2[2] = 7, -41, 29, -25
200,176, 0,0, 57
Clsn2: 1
  Clsn2[0] = -6, -46, 11, 0
200,182, 0,0, 4
Clsn2: 1
  Clsn2[0] = -6, -46, 11, 0
200,183, 0,0, 2
Clsn2: 1
  Clsn2[0] = -9, -50, 9, 0
200,184, 0,0, 2

[Begin Action 1502]
Clsn1Default: 1
  Clsn1[0] = -18, -50, 20, 1
Clsn2: 2
  Clsn2[0] = -16, -19, -4, 0
  Clsn2[1] = -4, -47, 11, -1
200,194, 0,0, 8
Clsn2: 2
  Clsn2[0] = -9, -39, 1, 1
  Clsn2[1] = 1, -49, 11, 1
200,195, 0,0, 8
Clsn2: 2
  Clsn2[0] = -8, -39, 2, 1
  Clsn2[1] = 2, -49, 12, 1
200,196, 1,0, 8
Clsn2: 3
  Clsn2[0] = -19, -8, -9, 2
  Clsn2[1] = -9, -38, 1, 2
  Clsn2[2] = 1, -48, 11, 2
200,193, 0,0, 8

[Begin Action 1503]
Clsn1Default: 1
  Clsn1[0] = -18, -50, 20, 1
Clsn2: 2
  Clsn2[0] = -16, -19, -4, 0
  Clsn2[1] = -4, -47, 11, -1
200,196, 1,0, 8
Clsn2: 2
  Clsn2[0] = -9, -39, 1, 1
  Clsn2[1] = 1, -49, 11, 1
200,195, 0,0, 8
Clsn2: 2
  Clsn2[0] = -8, -39, 2, 1
  Clsn2[1] = 2, -49, 12, 1
200,194, 0,0, 8
Clsn2: 3
  Clsn2[0] = -19, -8, -9, 2
  Clsn2[1] = -9, -38, 1, 2
  Clsn2[2] = 1, -48, 11, 2
200,193, 0,0, 8

[Begin Action 1504]
Clsn1: 1
  Clsn1[0] = -20, -50, 27, 1
Clsn2: 3
  Clsn2[0] = -17, -9, 16, 1
  Clsn2[1] = -5, -39, 5, -9
  Clsn2[2] = 5, -47, 21, -9
200,172, 0,0, 2
Clsn1: 1
  Clsn1[0] = -20, -50, 27, 1
Clsn2: 3
  Clsn2[0] = -17, -9, 16, 1
  Clsn2[1] = -5, -39, 5, -9
  Clsn2[2] = 5, -47, 21, -9
200,173, 0,0, 2
LoopStart
Clsn1: 1
  Clsn1[0] = -20, -50, 27, 1
Clsn2: 3
  Clsn2[0] = -17, -9, 16, 1
  Clsn2[1] = -5, -39, 5, -9
  Clsn2[2] = 5, -47, 21, -9
200,174, 0,0, 2

;
; Slash FX
[Begin Action 1510]
1067,0, 0,0, 1, , A
1067,1, 0,0, 1, , A
1067,2, 0,0, 4, , A
1067,3, 0,0, 4, , A
1067,4, 0,0, 4, , A
1067,5, 0,0, 4, , A
1067,6, 0,0, 4, , A
1067,7, 0,0, 4, , A

; FX
[Begin Action 1520]
6255,0, 0,0, 3, , A
6255,1, 0,0, 3, , A
6255,2, 0,0, 3, , A
6255,3, 0,0, 3, , A
6255,4, 0,0, 3, , A
6255,5, 0,0, 3, , A
6255,6, 0,0, 3, , A
6255,7, 0,0, 3, , A

[Begin Action 1525]
7010,0, 0,0, 10, , A

[Begin Action 1526]
1051,0, 0,0, 2, , A
1051,1, 0,0, 2, , A
1051,2, 0,0, 2, , A
1051,3, 0,0, 2, , A
1051,4, 0,0, 2, , A
1051,5, 0,0, 2, , A
1051,6, 0,0, 2, , A
1051,7, 0,0, 2, , A
1051,8, 0,0, 2, , A
1051,9, 0,0, 2, , A
1051,10, 0,0, 2, , A
1051,11, 0,0, 2, , A
1051,12, 0,0, 2, , A
1051,13, 0,0, 2, , A

[Begin Action 1530]
1014,0, 0,0, 10, , A

[Begin Action 1540]
1061,0, 0,0, 2, , A
1061,1, 0,0, 2, , A
1061,2, 0,0, 2, , A
1061,3, 0,0, 2, , A
1061,4, 0,0, 2, , A
1061,5, 0,0, 2, , A
1061,6, 0,0, 2, , A
1061,7, 0,0, 2, , A
1061,8, 0,0, 2, , A
1061,9, 0,0, 2, , A
1061,10, 0,0, 2, , A
1061,11, 0,0, 2, , A
1061,12, 0,0, 2, , A
1061,13, 0,0, 2, , A
1061,14, 0,0, 2, , A
1061,15, 0,0, 2, , A
1061,16, 0,0, 2, , A
1061,17, 0,0, 2, , A
1061,18, 0,0, 2, , A
1061,19, 0,0, 2, , A
1061,20, 0,0, 2, , A
1061,21, 0,0, 2, , A
1061,22, 0,0, 2, , A
1061,23, 0,0, 2, , A
1061,24, 0,0, 2, , A
1061,25, 0,0, 2, , A
1061,26, 0,0, 2, , A
1061,27, 0,0, 2, , A
1061,28, 0,0, 2, , A
1061,29, 0,0, 2, , A
1061,30, 0,0, 2, , A
1061,31, 0,0, 2, , A
1061,32, 0,0, 2, , A
1061,33, 0,0, 2, , A
1061,34, 0,0, 2, , A
1061,35, 0,0, 2, , A
1061,36, 0,0, 2, , A
1061,37, 0,0, 2, , A
1061,38, 0,0, 2, , A
1061,39, 0,0, 2, , A
1061,40, 0,0, 2, , A
1061,41, 0,0, 2, , A
1061,42, 0,0, 2, , A
1061,43, 0,0, 2, , A
1061,44, 0,0, 2, , A
1061,45, 0,0, 2, , A
1061,46, 0,0, 2, , A
1061,47, 0,0, 2, , A
1061,48, 0,0, 2, , A
1061,49, 0,0, 2, , A
1061,50, 0,0, 2, , A
1061,51, 0,0, 2, , A
1061,52, 0,0, 2, , A
1061,53, 0,0, 2, , A
1061,54, 0,0, 2, , A
1061,55, 0,0, 2, , A
1061,56, 0,0, 2, , A
1061,57, 0,0, 2, , A
1061,58, 0,0, 2, , A
1061,59, 0,0, 2, , A
1061,60, 0,0, 2, , A
1061,61, 0,0, 2, , A
1061,62, 0,0, 2, , A
1061,63, 0,0, 2, , A
1061,64, 0,0, 2, , A
1061,65, 0,0, 2, , A
1061,66, 0,0, 2, , A
1061,67, 0,0, 2, , A
1061,68, 0,0, 2, , A
1061,69, 0,0, 2, , A
1061,70, 0,0, 2, , A
1061,71, 0,0, 2, , A
1061,72, 0,0, 2, , A
1061,73, 0,0, 2, , A
1061,74, 0,0, 2, , A
1061,75, 0,0, 2, , A
1061,76, 0,0, 2, , A
1061,77, 0,0, 2, , A
1061,78, 0,0, 2, , A
1061,79, 0,0, 2, , A
1061,80, 0,0, 2, , A
1061,81, 0,0, 2, , A
1061,82, 0,0, 2, , A
1061,83, 0,0, 2, , A
1061,84, 0,0, 2, , A
1061,85, 0,0, 2, , A
1061,86, 0,0, 2, , A
1061,87, 0,0, 2, , A
1061,88, 0,0, 2, , A
1061,89, 0,0, 2, , A
1061,90, 0,0, 2, , A
1061,91, 0,0, 2, , A
1061,92, 0,0, 2, , A
1061,93, 0,0, 2, , A
1061,94, 0,0, 2, , A
1061,95, 0,0, 2, , A
1061,96, 0,0, 2, , A
1061,97, 0,0, 2, , A
1061,98, 0,0, 2, , A
1061,99, 0,0, 2, , A
1061,100, 0,0, 2, , A

; Meteor Smash - Transform
[Begin Action 3000]
Clsn2: 1
  Clsn2[0] = -10, -51, 11, 1
200,184, 0,0, 3
Clsn2: 4
  Clsn2[0] = -10, -12, 15, 1
  Clsn2[1] = -5, -22, 15, -12
  Clsn2[2] = -5, -42, 15, -22
  Clsn2[3] = -1, -52, 9, -42
200,126, 0,0, 3
Clsn2: 3
  Clsn2[0] = -17, -9, 16, 1
  Clsn2[1] = -5, -39, 5, -9
  Clsn2[2] = 5, -47, 21, -9
200,172, 0,0, 2
Clsn2: 3
  Clsn2[0] = -17, -9, 16, 1
  Clsn2[1] = -5, -39, 5, -9
  Clsn2[2] = 5, -47, 21, -9
200,173, 0,0, 2
LoopStart
Clsn2: 3
  Clsn2[0] = -17, -9, 16, 1
  Clsn2[1] = -5, -39, 5, -9
  Clsn2[2] = 5, -47, 21, -9
200,174, 0,0, 40
LoopStart
Clsn2: 3
  Clsn2[0] = 11, -33, 29, -20
  Clsn2[1] = -6, -20, 21, -7
  Clsn2[2] = -20, -14, -6, 1
60,0, 0,0, 4
Clsn2: 3
  Clsn2[0] = 11, -33, 29, -20
  Clsn2[1] = -6, -20, 21, -7
  Clsn2[2] = -20, -14, -6, 1
60,1, 0,0, 4

; Meteor Smash - Golpe 1
[Begin Action 3001]
Clsn2: 2
  Clsn2[0] = 3, -43, 23, 1
  Clsn2[1] = -14, -17, 3, 1
200,174, 0,0, 2
Clsn1: 1
  Clsn1[0] = -8, -42, 39, -18
Clsn2: 3
  Clsn2[0] = -1, -25, 21, 1
  Clsn2[1] = -20, -16, -1, 1
  Clsn2[2] = 7, -41, 31, -25
200,175, 0,0, 1
Clsn1: 1
  Clsn1[0] = 16, -68, 59, 2
Clsn2: 3
  Clsn2[0] = -1, -25, 21, 1
  Clsn2[1] = -20, -16, -1, 1
  Clsn2[2] = 7, -41, 31, -25
200,176, 0,0, 2
Clsn2: 3
  Clsn2[0] = -1, -25, 21, 1
  Clsn2[1] = -20, -16, -1, 1
  Clsn2[2] = 7, -41, 29, -25
200,176, 0,0, 250
Clsn2: 1
  Clsn2[0] = -6, -46, 11, 0
200,182, 0,0, 5
Clsn2: 1
  Clsn2[0] = -6, -46, 11, 0
200,183, 0,0, 3
Clsn2: 1
  Clsn2[0] = -9, -50, 9, 0
200,184, 0,0, 2

; Meteor Smash - Golpe 2
[Begin Action 3002]
200,176, 0,0, 10
Clsn2: 3
  Clsn2[0] = -10, -15, 10, -5
  Clsn2[1] = -10, -35, 0, -15
  Clsn2[2] = 0, -45, 20, -15
200,177, 0,0, 2
Clsn2: 3
  Clsn2[0] = -18, -16, -8, -6
  Clsn2[1] = -8, -26, 2, -6
  Clsn2[2] = 2, -46, 22, -6
200,178, 0,0, 3
Clsn2: 3
  Clsn2[0] = -18, -16, -8, -6
  Clsn2[1] = -8, -26, 2, -6
  Clsn2[2] = 2, -46, 22, -6
200,197, 0,0, 85
Clsn1: 1
  Clsn1[0] = -101, -72, 23, 2
Clsn2: 4
  Clsn2[0] = -15, -10, 25, 0
  Clsn2[1] = -5, -30, 15, -10
  Clsn2[2] = 5, -40, 25, -30
  Clsn2[3] = 5, -50, 15, -40
200,179, 0,0, 5
Clsn2: 5
  Clsn2[0] = -17, -8, -7, 2
  Clsn2[1] = -7, -18, 23, 2
  Clsn2[2] = -7, -28, 13, -18
  Clsn2[3] = 3, -38, 23, -28
  Clsn2[4] = -7, -48, 3, -38
200,180, 0,0, 100
Clsn2: 4
  Clsn2[0] = -14, -17, -4, -7
  Clsn2[1] = -4, -27, 16, -7
  Clsn2[2] = -14, -37, 6, -27
  Clsn2[3] = -4, -47, 16, -37
200,182, 0,0, 4
Clsn2: 2
  Clsn2[0] = -11, -40, -1, 0
  Clsn2[1] = -1, -50, 9, 0
200,183, 0,0, 4
Clsn2: 3
  Clsn2[0] = -8, -31, 12, -1
  Clsn2[1] = -8, -41, 2, -31
  Clsn2[2] = -8, -51, 12, -41
200,184, 0,0, 4

; Meteor Smash - Golpe 3
[Begin Action 3003]
Clsn2: 3
  Clsn2[0] = -1, -25, 21, 1
  Clsn2[1] = -20, -16, -1, 1
  Clsn2[2] = 7, -41, 29, -25
200,176, 0,0, 10
Clsn2: 1
  Clsn2[0] = -6, -46, 11, 0
200,182, 0,0, 5
Clsn2: 1
  Clsn2[0] = -6, -46, 11, 0
200,183, 0,0, 3
Clsn2: 1
  Clsn2[0] = -9, -50, 9, 0
200,184, 0,0, 2

[Begin Action 3010]
1067,0, 0,0, 1, , A
1067,1, 0,0, 1, , A
1067,2, 0,0, 1, , A
1067,3, 0,0, 1, , A
1067,4, 0,0, 1, , A
1067,5, 0,0, 1, , A
1067,6, 0,0, 1, , A
1067,7, 0,0, 1, , A
1067,8, 0,0, 1, , A
1067,9, 0,0, 1, , A
1067,10, 0,0, 1, , A
1067,11, 0,0, 1, , A
1067,12, 0,0, 1, , A
1067,13, 0,0, 1, , A
1067,14, 0,0, 1, , A
1067,15, 0,0, 1, , A
1067,16, 0,0, 1, , A
1067,17, 0,0, 1, , A
1067,18, 0,0, 1, , A
1067,19, 0,0, 1, , A
1067,20, 0,0, 1, , A
1067,21, 0,0, 1, , A
1067,22, 0,0, 1, , A
1067,23, 0,0, 1, , A
1067,24, 0,0, 1, , A

[Begin Action 3011]
Clsn2: 1
  Clsn2[0] = -20, -120, 19, 12
-1,0, 0,0, 10

[Begin Action 3012]
Clsn2: 1
  Clsn2[0] = -71, -10, 73, 10
-1,0, 0,0, 0

[Begin Action 3020]
Clsn2: 1
  Clsn2[0] = -34, -39, 35, 35
7015,0, 0,0, 10, , A

[Begin Action 3021]
2,36, 0,0, 2, , A
2,37, 0,0, 2, , A
2,38, 0,0, 2, , A
2,39, 0,0, 2, , A
2,40, 0,0, 2, , A
2,41, 0,0, 2, , A
2,42, 0,0, 2, , A
2,43, 0,0, 2, , A
2,44, 0,0, 2, , A
2,45, 0,0, 2, , A
2,46, 0,0, 2, , A
2,47, 0,0, 2, , A
2,48, 0,0, 2, , A
2,49, 0,0, 2, , A
2,50, 0,0, 2, , A
2,51, 0,0, 2, , A
2,52, 0,0, 2, , A
2,53, 0,0, 2, , A
2,54, 0,0, 2, , A

[Begin Action 3030]
6130,0, 0,0, 2, , A
6130,1, 0,0, 2, , A
6130,2, 0,0, 2, , A
6130,3, 0,0, 2, , A
6130,4, 0,0, 2, , A
6130,5, 0,0, 2, , A
6130,6, 0,0, 2, , A
6130,7, 0,0, 2, , A
6130,8, 0,0, 2, , A
6130,9, 0,0, 2, , A
6130,10, 0,0, 2, , A
6130,11, 0,0, 2, , A
6130,12, 0,0, 2, , A
6130,13, 0,0, 2, , A
6130,14, 0,0, 2, , A
6130,15, 0,0, 2, , A
6130,16, 0,0, 2, , A
6130,17, 0,0, 2, , A
6130,18, 0,0, 2, , A
6130,19, 0,0, 2, , A
6130,20, 0,0, 2, , A
6130,21, 0,0, 2, , A

[Begin Action 3031]
10022,29, 0,0, 2, , AS90D256
10022,30, 0,0, 2, , AS90D256
10022,31, 0,0, 2, , AS90D256
10022,32, 0,0, 2, , AS90D256
10022,33, 0,0, 2, , AS90D256
10022,34, 0,0, 2, , AS90D256
10022,35, 0,0, 2, , AS90D256
10022,36, 0,0, 2, , AS90D256
10022,37, 0,0, 2, , AS90D256
10022,38, 0,0, 2, , AS90D256
10022,39, 0,0, 2, , AS90D256
10022,40, 0,0, 2, , AS90D256
10022,41, 0,0, 2, , AS90D256
10022,42, 0,0, 2, , AS90D256
10022,43, 0,0, 2, , AS90D256
10022,44, 0,0, 2, , AS90D256
10022,45, 0,0, 2, , AS90D256

[Begin Action 3040]
7013,0, 0,0, 6, , A
7013,1, 0,0, 6, , A
7013,2, 0,0, 6, , A
7013,3, 0,0, 6, , A
7013,4, 0,0, 6, , A
7013,5, 0,0, 6, , A
7013,6, 0,0, 6, , A
7013,7, 0,0, 6, , A
7013,8, 0,0, 6, , A
7013,9, 0,0, 6, , A

[Begin Action 3041]
7013,9, 0,0, 2, , A
7013,8, 0,0, 2, , A
7013,7, 0,0, 2, , A
7013,6, 0,0, 2, , A
7013,5, 0,0, 2, , A
7013,4, 0,0, 2, , A
7013,3, 0,0, 2, , A
7013,2, 0,0, 2, , A
7013,1, 0,0, 2, , A
7013,0, 0,0, 2, , A

[Begin Action 3043]
2,55, 0,0, 2, , A
2,56, 0,0, 2, , A
2,57, 0,0, 2, , A
2,58, 0,0, 2, , A
2,59, 0,0, 2, , A
2,60, 0,0, 2, , A
2,61, 0,0, 2, , A
2,62, 0,0, 2, , A
2,63, 0,0, 2, , A
2,64, 0,0, 2, , A
2,65, 0,0, 2, , A

[Begin Action 3045]
3000,4, 0,0, 10, , A

; Kanjis
[Begin Action 3050]
1404,25, 0,0, 10, , A

; Kanjis
[Begin Action 3055]
1404,25, 0,0, 10, H, A

; Ultimate - Portrait
[Begin Action 3070]
9000,3, 0,0, 10

[Begin Action 3071]
9000,3, 0,0, 10

[Begin Action 3072]
9000,90, 0,0, 10

; BG FX
[Begin Action 3080]
8560,0, 0,0, -1

[Begin Action 3081]
8560,1, 0,0, -1

; Thunder Lines
[Begin Action 3085]
7600,0, 0,0, 4, , A
7600,1, 0,0, 4, , A
7600,2, 0,0, 4, , A
7600,3, 0,0, 2, , A
7600,4, 0,0, 2, , A
7600,5, 0,0, 2, , A
7600,6, 0,0, 2, , A
7600,7, 0,0, 2, , A
7600,8, 0,0, 2, , A
7600,3, 0,0, 2, , A
7600,4, 0,0, 2, , A
7600,5, 0,0, 2, , A
7600,6, 0,0, 2, , A
7600,7, 0,0, 2, , A
7600,8, 0,0, 2, , A
7600,3, 0,0, 2, , A
7600,4, 0,0, 2, , A
7600,5, 0,0, 2, , A
7600,6, 0,0, 2, , A
7600,7, 0,0, 2, , A
7600,8, 0,0, 2, , A
7600,3, 0,0, 2, , A
7600,4, 0,0, 2, , A
7600,5, 0,0, 2, , A
7600,6, 0,0, 2, , A
7600,7, 0,0, 2, , A
7600,8, 0,0, 2, , A
7600,3, 0,0, 2, , A
7600,4, 0,0, 2, , A
7600,5, 0,0, 2, , A
7600,6, 0,0, 2, , A
7600,7, 0,0, 2, , A
7600,8, 0,0, 2, , A
7600,3, 0,0, 2, , A
7600,4, 0,0, 2, , A
7600,5, 0,0, 2, , A
7600,6, 0,0, 2, , A
7600,7, 0,0, 2, , A
7600,8, 0,0, 2, , A
7600,3, 0,0, 2, , A
7600,4, 0,0, 2, , A
7600,5, 0,0, 2, , A
7600,2, 0,0, 4, , A
7600,1, 0,0, 4, , A
7600,0, 0,0, 4, , A

; Speedline
[Begin Action 3090]
7112,0, 0,0, 2
7112,1, 0,0, 2
7112,2, 0,0, 2
7112,3, 0,0, 2
7112,4, 0,0, 2
7112,5, 0,0, 2
7112,6, 0,0, 2
7112,7, 0,0, 2
7112,8, 0,0, 2
7112,9, 0,0, 2
7112,10, 0,0, 2
7112,11, 0,0, 2
7112,12, 0,0, 2
7112,13, 0,0, 2
7112,14, 0,0, 2
7112,15, 0,0, 2
7112,16, 0,0, 2
7112,17, 0,0, 2
7112,18, 0,0, 2
7112,19, 0,0, 2
7112,20, 0,0, 2
7112,21, 0,0, 2
7112,22, 0,0, 2
7112,23, 0,0, 2
7112,24, 0,0, 2
7112,25, 0,0, 2
7112,26, 0,0, 2
7112,27, 0,0, 2
7112,28, 0,0, 2
7112,29, 0,0, 2
7112,30, 0,0, 2
7112,31, 0,0, 2
7112,32, 0,0, 2
7112,33, 0,0, 2
7112,34, 0,0, 2
7112,35, 0,0, 2
7112,36, 0,0, 2
7112,37, 0,0, 2
7112,38, 0,0, 2
7112,39, 0,0, 2
7112,40, 0,0, 2
7112,41, 0,0, 2
7112,42, 0,0, 2

; GENKIDAMA
[Begin Action 3100]
Clsn2: 3
  Clsn2[0] = -15, -12, -5, -2
  Clsn2[1] = -15, -52, -5, -22
  Clsn2[2] = -5, -62, 5, -2
200,0, 0,0, 5
Clsn2: 4
  Clsn2[0] = -19, -33, 11, -3
  Clsn2[1] = -9, -43, 1, -33
  Clsn2[2] = -9, -53, 11, -43
  Clsn2[3] = -9, -63, 1, -53
200,159, 0,0, 5
Clsn2: 4
  Clsn2[0] = -19, -33, 11, -3
  Clsn2[1] = -9, -43, 1, -33
  Clsn2[2] = -9, -53, 11, -43
  Clsn2[3] = -9, -63, 1, -53
200,160, 0,0, 5
Clsn2: 5
  Clsn2[0] = -16, -11, -6, -1
  Clsn2[1] = -6, -21, 4, -1
  Clsn2[2] = -16, -31, 14, -21
  Clsn2[3] = -6, -41, 4, -31
  Clsn2[4] = -6, -51, 14, -41
200,161, 0,0, 2
Clsn2: 4
  Clsn2[0] = -22, -16, 8, -6
  Clsn2[1] = -12, -26, 18, -16
  Clsn2[2] = -12, -36, 8, -26
  Clsn2[3] = 8, -46, 28, -26
200,87, 0,0, 10
Clsn2: 4
  Clsn2[0] = -26, -15, -16, -5
  Clsn2[1] = -16, -25, -6, -5
  Clsn2[2] = -6, -35, 14, -5
  Clsn2[3] = 14, -45, 24, -25
200,88, 0,0, 2
Clsn2: 5
  Clsn2[0] = -13, -11, -3, -1
  Clsn2[1] = -13, -21, 17, -11
  Clsn2[2] = -3, -31, 27, -21
  Clsn2[3] = -3, -41, 7, -31
  Clsn2[4] = 7, -51, 17, -31
200,90, 0,0, 2
Clsn1: 1
  Clsn1[0] = 7, -44, 37, 3
Clsn2: 5
  Clsn2[0] = -23, -5, -13, 5
  Clsn2[1] = -13, -15, -3, -5
  Clsn2[2] = -3, -25, 17, -5
  Clsn2[3] = -3, -35, 27, -25
  Clsn2[4] = 7, -45, 17, -35
200,91, 0,0, 5
Clsn2: 5
  Clsn2[0] = -23, -5, -13, 5
  Clsn2[1] = -13, -15, -3, -5
  Clsn2[2] = -3, -25, 17, -5
  Clsn2[3] = -3, -35, 27, -25
  Clsn2[4] = 7, -45, 17, -35
200,91, 0,0, 5
Clsn2: 4
  Clsn2[0] = -23, -10, -13, 0
  Clsn2[1] = -13, -20, 17, 0
  Clsn2[2] = -3, -40, 7, -20
  Clsn2[3] = 7, -50, 17, -30
200,14, 0,0, 4
Clsn2: 4
  Clsn2[0] = -24, -12, -14, -2
  Clsn2[1] = -14, -32, -4, -2
  Clsn2[2] = -4, -42, 6, -2
  Clsn2[3] = 6, -52, 16, -2
200,26, 0,0, 3

; Fin
[Begin Action 3101]
Clsn2: 2
  Clsn2[0] = -26, -17, 8, -1
  Clsn2[1] = -3, -46, 21, -17
200,92, 0,0, 3
Clsn2: 2
  Clsn2[0] = -15, -17, 19, -1
  Clsn2[1] = -6, -46, 18, -17
200,156, 0,0, 2
Clsn1: 1
  Clsn1[0] = 4, -40, 38, -9
Clsn2: 2
  Clsn2[0] = -15, -17, 19, -1
  Clsn2[1] = -6, -46, 18, -17
200,157, 0,0, 30
Clsn2: 2
  Clsn2[0] = -15, -17, 19, -1
  Clsn2[1] = -6, -46, 18, -17
200,157, 0,0, 5
Clsn2: 2
  Clsn2[0] = -15, -17, 19, -1
  Clsn2[1] = -6, -46, 18, -17
LoopStart
200,9, 0,0, 2

[Begin Action 3102]
Clsn2: 2
  Clsn2[0] = -13, -26, 8, 1
  Clsn2[1] = -7, -49, 16, -26
200,165, 0,0, 2
Clsn2: 1
  Clsn2[0] = -13, -57, 9, 1
200,166, 0,0, 2
Clsn2: 1
  Clsn2[0] = -15, -52, 9, 1
200,167, 0,0, 2
Clsn2: 1
  Clsn2[0] = -15, -52, 9, 1
200,168, 0,0, 1
Clsn2: 1
  Clsn2[0] = -12, -49, 12, 4
200,169, 0,0, 2
Clsn1: 1
  Clsn1[0] = -19, -42, 30, -11
Clsn2: 1
  Clsn2[0] = -12, -49, 12, 4
200,170, 0,0, 5
Clsn2: 1
  Clsn2[0] = -12, -49, 12, 4
200,170, 0,0, 10
Clsn2: 1
  Clsn2[0] = -10, -48, 16, 1
200,18, 2,1, 5

[Begin Action 3103]
200,170, 0,0, 15
200,14, 0,0, 2
200,18, 0,0, 3
LoopStart
200,171, 0,0, 2

[Begin Action 3104]
200,36, -1,4, 2, H
200,172, 0,0, 150
200,173, 0,0, 2
LoopStart
200,174, 0,0, 2

[Begin Action 3130]
6011,0, 0,0, 2, , A
6011,1, 0,0, 2, , A
6011,2, 0,0, 2, , A
6011,3, 0,0, 2, , A
6011,4, 0,0, 2, , A
6011,5, 0,0, 2, , A
6011,6, 0,0, 2, , A
6011,7, 0,0, 2, , A
6011,8, 0,0, 2, , A
6011,9, 0,0, 2, , A
6011,10, 0,0, 2, , A

; Kamehameha
[Begin Action 3150]
1054,0, 0,0, 2
1054,1, 0,0, 2
1054,2, 0,0, 2
1054,3, 0,0, 2
1054,4, 0,0, 2
1054,5, 0,0, 2
1054,6, 0,0, 2
Loopstart
1054,7, 0,0, 2
1054,8, 0,0, 2
1054,9, 0,0, 2
1054,10, 0,0, 2
1054,11, 0,0, 2
1054,12, 0,0, 2

; FX
[Begin Action 3160]
Clsn1Default: 1
  Clsn1[0] = -170, -366, 167, 27
1580,0, 0,0, 3, , A
1580,1, 0,0, 3, , A
1580,2, 0,0, 3, , A
1580,3, 0,0, 3, , A
1580,4, 0,0, 3, , A
1580,5, 0,0, 3, , A
1580,6, 0,0, 3, , A
1580,7, 0,0, 3, , A
1580,8, 0,0, 3, , A
1580,9, 0,0, 3, , A
1580,10, 0,0, 3, , A
1580,11, 0,0, 3, , A
1580,12, 0,0, 3, , A
1580,13, 0,0, 3, , A
LoopStart
1580,14, 0,0, 3, , A

; FX HYPER
[Begin Action 3180]
1060,0, 0,0, 2
1060,1, 0,0, 2
1060,2, 0,0, 2
1060,3, 0,0, 2
Loopstart
1060,4, 0,0, 2
1060,5, 0,0, 2
1060,6, 0,0, 2
1060,7, 0,0, 2
1060,8, 0,0, 2
1060,9, 0,0, 2
1060,10, 0,0, 2
1060,11, 0,0, 2
1060,12, 0,0, 2
1060,13, 0,0, 2

; Speedline
[Begin Action 4000]
9030,0, 0,0, 1
9030,1, 0,0, 1
9030,2, 0,0, 1
9030,3, 0,0, 1
9030,4, 0,0, 1
9030,5, 0,0, 1
9030,6, 0,0, 1
9030,7, 0,0, 1
9030,8, 0,0, 1
9030,9, 0,0, 1
9030,10, 0,0, 1
9030,11, 0,0, 1
9030,12, 0,0, 1
9030,13, 0,0, 1
9030,14, 0,0, 1
9030,15, 0,0, 1
9030,16, 0,0, 1
9030,17, 0,0, 1
9030,18, 0,0, 1
9030,19, 0,0, 1

; Golpe Alto Suave Stand/Air
[Begin Action 5000]
Clsn2: 2
  Clsn2[0] = -13, -29, 8, 1
  Clsn2[1] = -13, -51, 2, -29
5000,0, 0,0, 4
Clsn2: 2
  Clsn2[0] = -13, -29, 8, 1
  Clsn2[1] = -13, -51, 2, -29
Loopstart
5000,0, 0,0, 4


; Golpe Alto Medio Stand/Air
[Begin Action 5001]
Clsn2: 2
  Clsn2[0] = -13, -29, 8, 1
  Clsn2[1] = -13, -51, 2, -29
5000,0, 0,0, 5
Clsn2: 2
  Clsn2[0] = -13, -29, 8, 1
  Clsn2[1] = -9, -47, 7, -29
5000,1, 0,0, 5

; Golpe Alto Fuerte Stand/Air
[Begin Action 5002]
Clsn2: 2
  Clsn2[0] = -13, -29, 8, 1
  Clsn2[1] = -9, -47, 8, -29
5000,1, 0,0, 5
Clsn2: 2
  Clsn2[0] = -13, -29, 8, 1
  Clsn2[1] = -9, -47, 8, -29
5000,1, 0,0, 5

; Recuperación Golpe Alto Suave Stand/Air
[Begin Action 5005]
Clsn2: 2
  Clsn2[0] = -13, -29, 8, 1
  Clsn2[1] = -9, -47, 8, -29
5000,1, 0,0, 3
Clsn2: 2
  Clsn2[0] = -13, -29, 8, 1
  Clsn2[1] = -13, -51, 2, -29
5000,0, 0,0, 3
Clsn2: 2
  Clsn2[0] = -13, -29, 8, 1
  Clsn2[1] = -13, -51, 2, -29
5000,0, 0,0, -1

; Recuperación Golpe Alto Medio Stand/Air
[Begin Action 5006]
Clsn2: 2
  Clsn2[0] = -13, -29, 8, 1
  Clsn2[1] = -9, -46, 6, -29
5000,1, 0,0, 3
Clsn2: 2
  Clsn2[0] = -13, -29, 8, 1
  Clsn2[1] = -9, -46, 6, -29
5000,1, 0,0, 4
Clsn2: 2
  Clsn2[0] = -13, -29, 8, 1
  Clsn2[1] = -13, -51, 2, -29
5000,0, 0,0, 4
Clsn2: 2
  Clsn2[0] = -13, -29, 8, 1
  Clsn2[1] = -13, -51, 2, -29
5000,0, 0,0, -1

; Recuperación Golpe Alto Fuerte Stand/Air
[Begin Action 5007]
Clsn2: 2
  Clsn2[0] = -13, -29, 8, 1
  Clsn2[1] = -9, -46, 6, -29
5000,1, 0,0, 5
Clsn2: 2
  Clsn2[0] = -13, -29, 8, 1
  Clsn2[1] = -9, -46, 6, -29
5000,1, 0,0, 4
Clsn2: 2
  Clsn2[0] = -13, -29, 8, 1
  Clsn2[1] = -13, -51, 2, -29
5000,0, 0,0, 4
Clsn2: 2
  Clsn2[0] = -13, -29, 8, 1
  Clsn2[1] = -13, -51, 2, -29
5000,0, 0,0, -1

; Golpe Bajo Suave Stand/Air
[Begin Action 5010]
Clsn2: 2
  Clsn2[0] = -13, -29, 8, 1
  Clsn2[1] = -13, -51, 2, -29
5000,0, 0,0, 5
Clsn2: 2
  Clsn2[0] = -13, -29, 8, 1
  Clsn2[1] = -13, -51, 2, -29
5000,0, 0,0, 5

; Golpe Bajo Medio Stand/Air
[Begin Action 5011]
Clsn2: 2
  Clsn2[0] = -13, -29, 8, 1
  Clsn2[1] = -13, -51, 2, -29
5000,0, 0,0, 5
Clsn2: 2
  Clsn2[0] = -13, -29, 8, 1
  Clsn2[1] = -13, -51, 2, -29
5000,0, 0,0, 5
Clsn2: 3
  Clsn2[0] = -8, -10, 9, 0
  Clsn2[1] = -14, -21, 12, -10
  Clsn2[2] = -5, -56, 12, -21
5000,6, 0,0, 5

; Golpe Bajo Fuerte Stand/Air
[Begin Action 5012]
Clsn2: 2
  Clsn2[0] = -23, -33, 7, -3
  Clsn2[1] = -23, -53, -3, -33
5000,2, 0,0, 3

; Recuperación Golpe Bajo Suave Stand/Air
[Begin Action 5015]
Clsn2: 2
  Clsn2[0] = -13, -29, 8, 1
  Clsn2[1] = -13, -51, 2, -29
5000,0, 0,0, 1
Clsn2: 2
  Clsn2[0] = -13, -29, 8, 1
  Clsn2[1] = -13, -51, 2, -29
5000,0, 0,0, -1

; Recuperación Golpe Bajo Medio Stand/Air
[Begin Action 5016]
Clsn2: 2
  Clsn2[0] = -13, -29, 8, 1
  Clsn2[1] = -13, -51, 2, -29
5000,0, 0,0, 1
Clsn2: 2
  Clsn2[0] = -13, -29, 8, 1
  Clsn2[1] = -13, -51, 2, -29
5000,0, 0,0, 4
Clsn2: 2
  Clsn2[0] = -13, -29, 8, 1
  Clsn2[1] = -13, -51, 2, -29
5000,0, 0,0, -1

; Recuperación Golpe Bajo Fuerte Stand/Air
[Begin Action 5017]
Clsn2: 4
  Clsn2[0] = -23, -9, -13, 1
  Clsn2[1] = -13, -29, 17, 1
  Clsn2[2] = -13, -39, -3, -29
  Clsn2[3] = -3, -49, 7, -29
5000,0, 0,0, 1
Clsn2: 4
  Clsn2[0] = -23, -9, -13, 1
  Clsn2[1] = -13, -29, 17, 1
  Clsn2[2] = -13, -39, -3, -29
  Clsn2[3] = -3, -49, 7, -29
5000,0, 0,0, -1


; Golpe Suave Agachado
[Begin Action 5020]
Clsn2: 4
  Clsn2[0] = -15, -11, -5, -1
  Clsn2[1] = -25, -21, 5, -11
  Clsn2[2] = -15, -31, -5, -21
  Clsn2[3] = -5, -61, 15, -21
5000,6, 0,0, 5
Clsn2: 2
  Clsn2[0] = -23, -36, -13, -16
  Clsn2[1] = -13, -46, 7, -6
5000,7, 0,0, 5


; Golpe Medio Agachado
[Begin Action 5021]
Clsn2: 2
  Clsn2[0] = -23, -36, -13, -16
  Clsn2[1] = -13, -46, 7, -6
5000,7, 0,0, 5
Clsn2: 2
  Clsn2[0] = -23, -36, -13, -16
  Clsn2[1] = -13, -46, 7, -6
5000,7, 0,0, 5


; Golpe Fuerte Agachado
[Begin Action 5022]
Clsn2: 2
  Clsn2[0] = -23, -36, -13, -16
  Clsn2[1] = -13, -46, 7, -6
5000,7, 0,0, 5
Clsn2: 2
  Clsn2[0] = -23, -36, -13, -16
  Clsn2[1] = -13, -46, 7, -6
5000,7, 0,0, 5


; Recuperación Golpe Suave Agachado
[Begin Action 5025]
Clsn2: 2
  Clsn2[0] = -23, -36, -13, -16
  Clsn2[1] = -13, -46, 7, -6
5000,7, 0,0, 1
Clsn2: 4
  Clsn2[0] = -15, -11, -5, -1
  Clsn2[1] = -15, -21, 11, -11
  Clsn2[2] = -15, -31, -5, -21
  Clsn2[3] = -5, -61, 15, -21
5000,6, 0,0, -1


; Recuperación Golpe Medio Agachado
[Begin Action 5026]
Clsn2: 2
  Clsn2[0] = -23, -36, -13, -16
  Clsn2[1] = -13, -46, 7, -6
5000,7, 0,0, 3
Clsn2: 2
  Clsn2[0] = -23, -36, -13, -16
  Clsn2[1] = -13, -46, 7, -6
5000,7, 0,0, 5
Clsn2: 4
  Clsn2[0] = -15, -11, -5, -1
  Clsn2[1] = -25, -21, 5, -11
  Clsn2[2] = -15, -31, -5, -21
  Clsn2[3] = -5, -61, 15, -21
5000,6, 0,0, -1


; Recuperación Golpe Fuerte Agachado
[Begin Action 5027]
Clsn2: 2
  Clsn2[0] = -23, -36, -13, -16
  Clsn2[1] = -13, -46, 7, -6
5000,7, 0,0, 4
Clsn2: 2
  Clsn2[0] = -23, -36, -13, -16
  Clsn2[1] = -13, -46, 7, -6
5000,7, 0,0, 4
Clsn2: 4
  Clsn2[0] = -15, -11, -5, -1
  Clsn2[1] = -25, -21, 5, -11
  Clsn2[2] = -15, -31, -5, -21
  Clsn2[3] = -5, -61, 15, -21
5000,6, 0,0, -1


; Golpe Hacia Fuera Stand/Air
[Begin Action 5030]
Clsn2: 3
  Clsn2[0] = -13, -13, 17, -3
  Clsn2[1] = -23, -33, 7, -13
  Clsn2[2] = -23, -53, -3, -33
5000,2, 0,0, 5


; Transición de Golpe Stand/Air
[Begin Action 5035]
Clsn2: 3
  Clsn2[0] = -13, -13, 17, -3
  Clsn2[1] = -23, -33, 7, -13
  Clsn2[2] = -23, -53, -3, -33
5000,2, 0,0, 4
Clsn2: 4
  Clsn2[0] = -20, -10, -10, 0
  Clsn2[1] = -20, -20, 20, -10
  Clsn2[2] = -30, -30, 10, -20
  Clsn2[3] = -30, -50, 0, -30
5000,3, 0,0, 7


; Recuperación En el Aire
[Begin Action 5040]
Clsn2: 3
  Clsn2[0] = -27, -10, 3, 0
  Clsn2[1] = -27, -20, 13, -10
  Clsn2[2] = -7, -30, 3, -20
5000,5, 0,6, 4
Clsn2: 2
  Clsn2[0] = -25, -36, -15, -16
  Clsn2[1] = -15, -46, 5, -6
5000,7, -2,0, 3
Clsn2: 4
  Clsn2[0] = -10, -19, 0, -9
  Clsn2[1] = -10, -29, 10, -19
  Clsn2[2] = -20, -39, -10, -29
  Clsn2[3] = -10, -45, 15, -29
40,2, 0,0, 4
LoopStart
Clsn2: 3
  Clsn2[0] = -12, -10, -2, 0
  Clsn2[1] = -12, -20, 8, -10
  Clsn2[2] = -12, -41, 12, -20
40,1, 0,0, 6


; Caida En el Aire (Subiendo)
[Begin Action 5050]
Clsn2: 3
  Clsn2[0] = -10, -16, 20, -6
  Clsn2[1] = -30, -26, 10, -16
  Clsn2[2] = -30, -36, 0, -26
5000,4, 0,0, 5
Clsn2: 3
  Clsn2[0] = -10, -16, 20, -6
  Clsn2[1] = -30, -26, 10, -16
  Clsn2[2] = -30, -36, 0, -26
5000,4, 0,0, 5

; Caida En el Aire (Tipo Hacia Arriba,Subiendo)
[Begin Action 5051]
Clsn2: 4
  Clsn2[0] = -15, -11, -5, -1
  Clsn2[1] = -25, -21, 5, -11
  Clsn2[2] = -15, -31, -5, -21
  Clsn2[3] = -5, -61, 15, -21
5000,16, 0,0, 3
Clsn2: 4
  Clsn2[0] = -15, -11, -5, -1
  Clsn2[1] = -25, -21, 5, -11
  Clsn2[2] = -15, -31, -5, -21
  Clsn2[3] = -5, -61, 15, -21
5000,16, 0,0, 3


; Caida En el Aire (Tipo Hacia Arriba,Bajando)
[Begin Action 5061]
Clsn2: 3
  Clsn2[0] = -13, -13, 17, -3
  Clsn2[1] = -23, -33, 7, -13
  Clsn2[2] = -23, -53, -3, -33
5000,2, 0,0, 5
Clsn2: 4
  Clsn2[0] = -20, -10, -10, 0
  Clsn2[1] = -20, -20, 20, -10
  Clsn2[2] = -30, -30, 10, -20
  Clsn2[3] = -30, -50, 0, -30
5000,3, 0,0, 5
Clsn2: 4
  Clsn2[0] = -4, -7, 6, 3
  Clsn2[1] = -24, -17, 16, -7
  Clsn2[2] = -44, -27, 6, -17
  Clsn2[3] = -44, -37, -4, -27
5000,4, 0,0, 5
Clsn2: 3
  Clsn2[0] = -27, -16, 3, -6
  Clsn2[1] = -27, -26, 13, -16
  Clsn2[2] = -7, -36, 3, -26
Loopstart
5000,5, 0,0, 5


; Tropiezo
[Begin Action 5070]
Clsn2: 4
  Clsn2[0] = -15, -9, -5, 1
  Clsn2[1] = -5, -29, 25, 1
  Clsn2[2] = -5, -39, 5, -29
  Clsn2[3] = 5, -49, 15, -29
5000,0, 8,0, 5
Clsn2: 3
  Clsn2[0] = -21, -13, 9, -3
  Clsn2[1] = -31, -33, -1, -13
  Clsn2[2] = -31, -53, -11, -33
5000,2, -8,0, 5
Clsn2: 4
  Clsn2[0] = -28, -10, -18, 0
  Clsn2[1] = -28, -20, 12, -10
  Clsn2[2] = -38, -30, 2, -20
  Clsn2[3] = -38, -50, -8, -30
5000,3, -8,0, -1


; Golpe Tirando Al Suelo (Sin Subida)
[Begin Action 5080]
Clsn2: 4
  Clsn2[0] = -15, -10, -5, 0
  Clsn2[1] = -20, -20, 11, -10
  Clsn2[2] = -20, -30, 10, -20
  Clsn2[3] = -13, -46, 6, -30
5000,3, 0,0, 4
Clsn2: 3
  Clsn2[0] = -10, -16, 20, -6
  Clsn2[1] = -30, -26, 10, -16
  Clsn2[2] = -30, -36, 0, -26
5000,4, 0,0, 4
Clsn2: 1
  Clsn2[0] = -29, -10, 24, 2
5000,9, 0,0, -1

; Golpe Tirando Al Suelo (Subiendo Al Aire)
[Begin Action 5090]
Clsn2: 3
  Clsn2[0] = -10, -16, 20, -6
  Clsn2[1] = -30, -26, 10, -16
  Clsn2[2] = -30, -36, 0, -26
5000,4, 0,0, 7

; Golpe En Tierra Mientras Cae
[Begin Action 5100]
Clsn2: 3
  Clsn2[0] = -28, -12, 2, -2
  Clsn2[1] = -28, -22, -8, -12
  Clsn2[2] = -8, -32, 12, -12
5000,5, 0,0, 4

; Golpe en Tierra desde Caida
[Begin Action 5101]
Clsn2: 3
  Clsn2[0] = -28, -14, 8, -5
  Clsn2[1] = -28, -23, -10, -14
  Clsn2[2] = -10, -32, 17, -14
5000,8, 0,0, 4
Clsn2: 3
  Clsn2[0] = -28, -14, 8, -5
  Clsn2[1] = -28, -23, -10, -14
  Clsn2[2] = -10, -32, 17, -14
5000,8, 0,0, 2

; Caida
[Begin Action 5110]
Clsn2: 2
  Clsn2[0] = -30, -7, 24, 2
  Clsn2[1] = -30, -16, -12, -7
5000,9, 0,0, 1

; Levantandose de Caida
[Begin Action 5120]
Clsn2: 3
  Clsn2[0] = -23, -11, 13, -2
  Clsn2[1] = -14, -20, 4, -11
  Clsn2[2] = -14, -29, -5, -20
5000,10, 0,0, 6
Clsn2: 3
  Clsn2[0] = -13, -10, -4, -1
  Clsn2[1] = -4, -28, 5, -1
  Clsn2[2] = 5, -37, 14, -1
5000,11, 0,0, 4
Clsn2: 3
  Clsn2[0] = -12, -7, 6, 2
  Clsn2[1] = -12, -25, -3, -16
  Clsn2[2] = -3, -43, 15, -7
5000,12, 0,0, 4
Clsn2: 2
  Clsn2[0] = -12, -41, -3, -5
  Clsn2[1] = -3, -50, 6, -5
Loopstart
170,0, 0,0, 4

; Caida Derrotado
[Begin Action 5150]
Clsn2: 2
  Clsn2[0] = -30, -7, 24, 2
  Clsn2[1] = -30, -16, -12, -7
5000,9, 0,0, 1

; Rebote En El Aire
[Begin Action 5160]
Clsn2: 3
  Clsn2[0] = -28, -12, 2, -2
  Clsn2[1] = -28, -22, -8, -12
  Clsn2[2] = -8, -32, 12, -12
5000,5, 0,0, 4
Clsn2: 3
  Clsn2[0] = -10, -16, 20, -6
  Clsn2[1] = -30, -26, 10, -16
  Clsn2[2] = -30, -36, 0, -26
5000,4, 0,0, 2

; Golpe En Tierra Mientras Rebota
[Begin Action 5170]
Clsn2: 3
  Clsn2[0] = -28, -14, 8, -5
  Clsn2[1] = -28, -23, -10, -14
  Clsn2[2] = -10, -32, 17, -14
5000,8, 0,0, 3

; Recuperacion de Caida Cerca del Suelo
[Begin Action 5200]
Clsn2: 6
  Clsn2[0] = -19, -45, -9, -35
  Clsn2[1] = -9, -45, 1, -25
  Clsn2[2] = -9, -55, 11, -45
  Clsn2[3] = -9, -65, 21, -55
  Clsn2[4] = -9, -75, 1, -65
  Clsn2[5] = 1, -85, 11, -65
5000,15, 1,-36, 3
Clsn2: 2
  Clsn2[0] = -42, -40, 8, -20
  Clsn2[1] = -22, -20, 18, -10
5000,4, -19,-43, 4,VH
Clsn2: 3
  Clsn2[0] = -12, -6, -2, 4
  Clsn2[1] = -15, -36, 5, -6
  Clsn2[2] = 5, -42, 15, -11
40,2, 0,5, -1


; Recuperacion de Caida En el AIre
[Begin Action 5210]
Clsn2: 6
  Clsn2[0] = -19, -45, -9, -35
  Clsn2[1] = -9, -45, 1, -25
  Clsn2[2] = -9, -55, 11, -45
  Clsn2[3] = -9, -65, 21, -55
  Clsn2[4] = -9, -75, 1, -65
  Clsn2[5] = 1, -85, 11, -65
5000,15, 1,-36, 3
Clsn2: 2
  Clsn2[0] = -42, -40, 8, -20
  Clsn2[1] = -22, -20, 18, -10
5000,4, -19,-43, 4,VH
Clsn2: 3
  Clsn2[0] = -12, -6, -2, 4
  Clsn2[1] = -15, -36, 5, -6
  Clsn2[2] = 5, -42, 15, -11
40,2, 0,5, -1

; Mareado
[Begin Action 5300]
Clsn2: 3
  Clsn2[0] = -20, -10, 16, -1
  Clsn2[1] = -20, -28, -11, -19
  Clsn2[2] = -11, -46, 7, -10
5000,18, 0,0, 20

[Begin Action 6100]
6100,0, 0,0, 1, , S
6100,1, 0,0, 1, , S
6100,2, 0,0, 1, , S
6100,3, 0,0, 1, , S
6100,4, 0,0, 1, , S
6100,5, 0,0, 1, , S
6100,6, 0,0, 1, , S
6100,7, 0,0, 1, , S
6100,8, 0,0, 1, , S


[Begin Action 6110]
6110,0, 0,0, 1, , A
6110,1, 0,0, 1, , A
6110,2, 0,0, 1, , A
6110,3, 0,0, 1, , A
6110,4, 0,0, 1, , A
6110,5, 0,0, 1, , A
6110,6, 0,0, 1, , A
6110,7, 0,0, 1, , A
6110,8, 0,0, 2, , A
6110,9, 0,0, 2, , A
6110,10, 0,0, 2, , A
6110,11, 0,0, 2, , A
6110,12, 0,0, 2, , A
6110,13, 0,0, 2, , A
6110,14, 0,0, 2, , A
6110,15, 0,0, 2, , A



[Begin Action 6120]
6120,0, 0,0, 1, , A
6120,1, 0,0, 1, , A
6120,2, 0,0, 1, , A
6120,3, 0,0, 1, , A
6120,4, 0,0, 1, , A
6120,5, 0,0, 1, , A
6120,6, 0,0, 1, , A
6120,7, 0,0, 1, , A
6120,8, 0,0, 2, , A
6120,9, 0,0, 2, , A
6120,10, 0,0, 2, , A
6120,11, 0,0, 2, , A
6120,12, 0,0, 2, , A
6120,13, 0,0, 2, , A



; Spark Guard
[Begin Action 7000]
7000,0, 0,0, 2,, A
7000,1, 0,0, 2,, A
7000,2, 0,0, 2,, A
7000,3, 0,0, 2,, A
7000,4, 0,0, 2,, A
7000,5, 0,0, 2,, A
7000,6, 0,0, 2,, A
7000,7, 0,0, 2,, A

; Hit Spark
[Begin Action 7010]
7003,0, 0,0, 1, , A
7003,4, 0,0, 1, , A
7003,7, 0,0, 1, , A
7003,8, 0,0, 1, , A
7003,9, 0,0, 1, , A
7003,10, 0,0, 1, , A
7003,11, 0,0, 1, , A
7003,13, 0,0, 1, , A
7003,15, 0,0, 1, , A
7003,16, 0,0, 1, , A
7003,18, 0,0, 1, , A

;
; Hit Spark Red
[Begin Action 7011]
1042,0, 0,0, 3, , A
1042,1, 0,0, 3, , A
1042,2, 0,0, 3, , A
1042,3, 0,0, 3, , A
-1,0, 0,0, 3

; Land FX
[Begin Action 7014]
9007,1, 0,0, 2,, A
9007,2, 0,0, 2,, A
9007,3, 0,0, 2,, A
9007,4, 0,0, 2,, A
9007,5, 0,0, 2,, A


; Slash Spark NEW
[Begin Action 7015]
7033,0, 0,0, 1, , A
7033,1, 0,0, 1, , A
7033,2, 0,0, 1, , A
7033,3, 0,0, 1, , A
7033,4, 0,0, 1, , A
7033,5, 0,0, 1, , A
7033,6, 0,0, 1, , A
7033,7, 0,0, 1, , A
7033,8, 0,0, 1, , A
7033,9, 0,0, 1, , A
7033,10, 0,0, 1, , A
7033,11, 0,0, 1, , A
7033,12, 0,0, 1, , A
7033,13, 0,0, 1, , A

; Run FX Aspas
[Begin Action 7017]
9008,0, 0,0, 2,, AS256D256
9008,0, 0,0, 2,, AS200D256
9008,0, 0,0, 2,, AS150D256
9008,0, 0,0, 2,, AS100D256
9008,0, 0,0, 2,, AS50D256


; Roto
[Begin Action 7018]
7020,2, 0,0, 100
7020,3, 0,0, 2
7020,4, 0,0, 2
7020,5, 0,0, 2
7020,6, 0,0, 2
7020,7, 0,0, 2
7020,8, 0,0, 2
7020,9, 0,0, 2


; Wind FX
[Begin Action 7022]
7022,0, 0,0, 1, , A
7022,1, 0,0, 1, , A
7022,2, 0,0, 1, , A
7022,3, 0,0, 1, , A
7022,4, 0,0, 1, , A
7022,5, 0,0, 1, , A
7022,6, 0,0, 1, , A
7022,7, 0,0, 1, , A
7022,8, 0,0, 1, , A
7022,9, 0,0, 1, , A
7022,10, 0,0, 1, , A
7022,11, 0,0, 1, , A
7022,12, 0,0, 1, , A
7022,13, 0,0, 1, , A
7022,14, 0,0, 1, , A
7022,15, 0,0, 1, , A
7022,16, 0,0, 1, , A
7022,17, 0,0, 1, , A
7022,18, 0,0, 1, , A
7022,19, 0,0, 1, , A
7022,20, 0,0, 1, , A

[Begin Action 7024]
7032,15, 0,0, 1, , A
7032,14, 0,0, 1, , A
7032,12, 0,0, 1, , A
7032,11, 0,0, 1, , A
7032,9, 0,0, 1, , A
7032,8, 0,0, 2, , A
7032,6, 0,0, 2, , A
7032,5, 0,0, 2, , A
7032,3, 0,0, 2, , A
7032,2, 0,0, 2, , A
7032,1, 0,0, 2, , A

; Humo Gigante
[Begin Action 7025]
3051,11, 0,0, 1,, A
3051,12, 0,0, 1,, A
3051,13, 0,0, 1,, A
3051,14, 0,0, 1,, A
3051,15, 0,0, 1,, A
3051,16, 0,0, 1,, A
3051,17, 0,0, 1,, A
3051,18, 0,0, 1,, A
3051,19, 0,0, 1,, A
3051,20, 0,0, 1,, A
3051,21, 0,0, 1,, A
3051,22, 0,0, 1,, A
3051,23, 0,0, 1,, A
3051,24, 0,0, 1,, A
3051,25, 0,0, 1,, A
3051,26, 0,0, 1,, A
3051,27, 0,0, 1,, A
3051,28, 0,0, 1,, A
3051,29, 0,0, 1,, A
3051,30, 0,0, 1,, A
3051,31, 0,0, 1,, A
3051,32, 0,0, 1,, A
3051,33, 0,0, 1,, A
3051,34, 0,0, 1,, A
3051,35, 0,0, 1,, A
3051,36, 0,0, 1,, A
3051,37, 0,0, 1,, A
3051,38, 0,0, 1,, A
3051,39, 0,0, 1,, A
3051,40, 0,0, 1,, A
3051,41, 0,0, 1,, A
3051,42, 0,0, 1,, A
3051,43, 0,0, 1,, A
3051,44, 0,0, 1,, A
3051,45, 0,0, 1,, A
3051,46, 0,0, 1,, A
3051,47, 0,0, 1,, A
3051,48, 0,0, 1,, A
3051,49, 0,0, 1,, A
3051,50, 0,0, 1,, A
3051,51, 0,0, 1,, A
3051,52, 0,0, 1,, A
3051,53, 0,0, 1,, A


; Slash FX
[Begin Action 7030]
7095,0, 0,0, 1, , A
7095,1, 0,0, 1, , A
7095,2, 0,0, 1, , A
7095,3, 0,0, 1, , A
7095,4, 0,0, 1, , A
7095,5, 0,0, 1, , A
7095,6, 0,0, 1, , A
7095,7, 0,0, 1, , A
7095,8, 0,0, 1, , A
7095,9, 0,0, 1, , A
7095,10, 0,0, 1, , A
7095,11, 0,0, 1, , A
7095,12, 0,0, 1, , A
7095,13, 0,0, 1, , A
7095,14, 0,0, 1, , A
7095,15, 0,0, 1, , A
7095,16, 0,0, 1, , A
7095,17, 0,0, 1, , A
7095,18, 0,0, 1, , A
7095,19, 0,0, 1, , A
7095,20, 0,0, 1, , A
7095,21, 0,0, 1, , A
7095,22, 0,0, 1, , A
7095,23, 0,0, 1, , A
7095,24, 0,0, 1, , A
7095,25, 0,0, 1, , A
7095,26, 0,0, 1, , A
7095,27, 0,0, 1, , A
7095,28, 0,0, 1, , A

[Begin Action 7031]
7506,0, 0,0, 2, , A

; Slash FX
[Begin Action 7032]
7095,0, 0,0, 1, , A
7095,1, 0,0, 1, , A
7095,2, 0,0, 1, , A
7095,3, 0,0, 1, , A
7095,4, 0,0, 2, , A
7095,5, 0,0, 2, , A
7095,6, 0,0, 2, , A
7095,7, 0,0, 2, , A
7095,8, 0,0, 2, , A
7095,9, 0,0, 3, , A
7095,10, 0,0, 3, , A
7095,11, 0,0, 3, , A
7095,12, 0,0, 3, , A
7095,13, 0,0, 3, , A
7095,14, 0,0, 3, , A
7095,15, 0,0, 3, , A
7095,16, 0,0, 3, , A
7095,17, 0,0, 3, , A
7095,18, 0,0, 3, , A
7095,19, 0,0, 3, , A
7095,20, 0,0, 3, , A
7095,21, 0,0, 3, , A
7095,22, 0,0, 3, , A
7095,23, 0,0, 3, , A
7095,24, 0,0, 3, , A
7095,25, 0,0, 3, , A
7095,26, 0,0, 3, , A
7095,27, 0,0, 3, , A
7095,28, 0,0, 3, , A

; Wave FX
[Begin Action 7035]
7025,0, 0,0, 2, , A
7025,1, 0,0, 2, , A
7025,2, 0,0, 2, , A
7025,3, 0,0, 2, , A
7025,4, 0,0, 2, , A

; Speed FX
[Begin Action 7040]
580,0, 0,0, 1, , S
580,1, 0,0, 1, , S
580,2, 0,0, 1, , S
580,3, 0,0, 1, , S
580,4, 0,0, 1, , S
580,5, 0,0, 1, , S
580,6, 0,0, 1, , S
580,7, 0,0, 1, , S

; Spark FX
[Begin Action 7260]
450,0, 0,0, 3, , A
450,1, 0,0, 3, , A
450,2, 0,0, 3, , A
450,3, 0,0, 3, , A
450,4, 0,0, 3, , A
450,5, 0,0, 3, , A
450,6, 0,0, 3, , A
450,7, 0,0, 3, , A

[Begin Action 7261]
7142,0, 0,0, 2, , A
7142,1, 0,0, 2, , A
7142,2, 0,0, 2, , A
7142,3, 0,0, 2, , A
7142,4, 0,0, 2, , A
7142,5, 0,0, 2, , A
7142,6, 0,0, 2, , A
7142,7, 0,0, 2, , A

; Super Charge
[Begin Action 7400]
7052,0, 0,0, 2, , A
7052,1, 0,0, 2, , A
7052,2, 0,0, 2, , A
7052,3, 0,0, 2, , A
7052,4, 0,0, 2, , A
7052,5, 0,0, 2, , A
7052,6, 0,0, 2, , A
7052,7, 0,0, 2, , A
7052,8, 0,0, 2, , A
7052,9, 0,0, 2, , A
7052,10, 0,0, 2, , A
7052,11, 0,0, 2, , A
7052,12, 0,0, 2, , A
7052,13, 0,0, 2, , A
7052,14, 0,0, 2, , A
7052,15, 0,0, 2, , A
7052,16, 0,0, 2, , A
7052,17, 0,0, 2, , A

; Super Charge 2
[Begin Action 7405]
1235,0, 0,0, 2, , A
1235,1, 0,0, 2, , A
1235,2, 0,0, 2, , A
1235,3, 0,0, 2, , A
1235,4, 0,0, 2, , A
1235,5, 0,0, 2, , A
1235,6, 0,0, 2, , A
1235,7, 0,0, 2, , A
1235,8, 0,0, 2, , A
1235,9, 0,0, 2, , A
1235,10, 0,0, 2, , A
1235,11, 0,0, 2, , A
1235,12, 0,0, 2, , A
1235,13, 0,0, 2, , A
1235,14, 0,0, 2, , A
1235,15, 0,0, 2, , A
1235,16, 0,0, 2, , A
1235,17, 0,0, 2, , A
1235,18, 0,0, 2, , A
1235,19, 0,0, 2, , A
1235,20, 0,0, 2, , A
1235,21, 0,0, 2, , A

[Begin Action 8000]
8000,0, 0,0, 2, , A
8000,1, 0,0, 2, , A
8000,2, 0,0, 2, , A
8000,3, 0,0, 2, , A
8000,4, 0,0, 2, , A
8000,5, 0,0, 2, , A
8000,6, 0,0, 2, , A
8000,7, 0,0, 2, , A
8000,8, 0,0, 2, , A
8000,9, 0,0, 4, , A
8000,10, 0,0, 4, , A
8000,11, 0,0, 4, , A








[Begin Action 8001]
8001,0, 0,0, 1, , A
8001,1, 0,0, 1, , A
8001,2, 0,0, 1, , A
8001,3, 0,0, 1, , A
8001,4, 0,0, 1, , A
8001,5, 0,0, 1, , A
8001,6, 0,0, 1, , A
8001,7, 0,0, 1, , A
8001,8, 0,0, 1, , A
8001,9, 0,0, 1, , A
8001,10, 0,0, 1, , A
8001,11, 0,0, 1, , A
8001,12, 0,0, 1, , A
8001,13, 0,0, 1, , A
8001,14, 0,0, 1, , A
8001,15, 0,0, 1, , A
8001,16, 0,0, 1, , A
8001,17, 0,0, 1, , A
8001,18, 0,0, 1, , A
8001,19, 0,0, 1, , A
8001,20, 0,0, 1, , A
8001,21, 0,0, 1, , A
8001,22, 0,0, 1, , A
8001,23, 0,0, 1, , A
8001,24, 0,0, 1, , A
8001,25, 0,0, 1, , A
8001,26, 0,0, 1, , A
8001,27, 0,0, 1, , A
8001,28, 0,0, 1, , A
8001,29, 0,0, 1, , A
8001,30, 0,0, 1, , A
8001,31, 0,0, 1, , A



[Begin Action 8002]
8002,0, 0,0, 1, , A
8002,1, 0,0, 1, , A
8002,2, 0,0, 1, , A
8002,3, 0,0, 1, , A
8002,4, 0,0, 1, , A
8002,5, 0,0, 1, , A
8002,6, 0,0, 1, , A
8002,7, 0,0, 1, , A
8002,8, 0,0, 2, , A
8002,9, 0,0, 2, , A
8002,10, 0,0, 2, , A
8002,11, 0,0, 2, , A
8002,12, 0,0, 2, , A
8002,13, 0,0, 2, , A
8002,14, 0,0, 2, , A
8002,15, 0,0, 2, , A
8002,16, 0,0, 2, , A
8002,17, 0,0, 2, , A
8002,18, 0,0, 1, , A
8002,19, 0,0, 1, , A
8002,20, 0,0, 1, , A
8002,21, 0,0, 1, , A








[Begin Action 8003]
8003,0, 0,0, 1, , A
8003,1, 0,0, 1, , A
8003,2, 0,0, 1, , A
8003,3, 0,0, 1, , A
8003,4, 0,0, 1, , A
8003,5, 0,0, 1, , A
8003,6, 0,0, 1, , A
8003,7, 0,0, 1, , A
8003,8, 0,0, 1, , A
8003,9, 0,0, 1, , A
8003,10, 0,0, 1, , A
8003,11, 0,0, 1, , A
8003,12, 0,0, 1, , A
8003,13, 0,0, 1, , A
8003,14, 0,0, 1, , A
8003,15, 0,0, 1, , A
8003,16, 0,0, 1, , A
8003,17, 0,0, 1, , A
8003,18, 0,0, 1, , A
8003,19, 0,0, 1, , A
8003,20, 0,0, 1, , A
8003,21, 0,0, 1, , A
8003,22, 0,0, 1, , A
8003,23, 0,0, 1, , A
8003,24, 0,0, 1, , A
8003,25, 0,0, 1, , A
8003,26, 0,0, 1, , A
8003,27, 0,0, 1, , A
8003,28, 0,0, 1, , A
8003,29, 0,0, 1, , A








[Begin Action 8010]
8010,0, -400,0, 1
8010,0, -365,0, 1
8010,0, -340,0, 1
8010,0, -315,0, 1
8010,0, -290,0, 1
8010,0, -265,0, 1
8010,0, -240,0, 1
8010,0, -215,0, 1
8010,0, -190,0, 1
8010,0, -165,0, 1
8010,0, -140,0, 1
8010,0, -115,0, 1
8010,0, -90,0, 1
8010,0, -60,0, 1
8010,0, -35,0, 1
8010,0, -24,0, 1
8010,0, -23,0, 1
8010,0, -22,0, 1
8010,0, -21,0, 1
8010,0, -20,0, 1
8010,0, -19,0, 1
8010,0, -18,0, 1
8010,0, -17,0, 1
8010,0, -16,0, 1
8010,0, -15,0, 1
8010,0, -14,0, 1
8010,0, -13,0, 1
8010,0, -12,0, 1
8010,0, -11,0, 1
8010,0, -10,0, 1
8010,0, -9,0, 1
8010,0, -8,0, 1
8010,0, -7,0, 1
8010,0, -6,0, 1
8010,0, -5,0, 1
8010,0, -4,0, 1
8010,0, -3,0, 1
8010,0, -2,0, 1
8010,0, -1,0, 1
8010,0, 0,0, 1








[Begin Action 8050]
8050,0, 0,0, 1, , A
8050,1, 0,0, 1, , A
8050,2, 0,0, 1, , A
8050,3, 0,0, 1, , A
8050,4, 0,0, 1, , A
8050,5, 0,0, 1, , A
8050,6, 0,0, 1, , A
8050,7, 0,0, 2, , A
8050,8, 0,0, 2, , A
8050,9, 0,0, 2, , A
8050,10, 0,0, 2, , A
8050,11, 0,0, 2, , A
8050,12, 0,0, 2, , A
8050,13, 0,0, 2, , A
8050,14, 0,0, 2, , A
8050,15, 0,0, 2, , A




; Humo Choque contra el piso
[Begin Action 8200]
6008,0, 0,0, 200, , S
6008,1, 0,0, 2, , S
6008,2, 0,0, 2, , S
6008,3, 0,0, 2, , S
6008,4, 0,0, 2, , S
6008,5, 0,0, 2, , S
6008,6, 0,0, 2, , S
6008,7, 0,0, 2, , S
6008,8, 0,0, 2, , S
6008,9, 0,0, 2, , S
6008,10, 0,0, 2, , S
6008,11, 0,0, 2, , S
6008,12, 0,0, 2, , S
6008,13, 0,0, 2, , S
6008,14, 0,0, 2, , S
6008,15, 0,0, 2, , S
6008,16, 0,0, 2, , S
6008,17, 0,0, 2, , S

; Tierra Suelo
[Begin Action 8230]
8230,0, 0,0, 1,, A
8230,1, 0,0, 1,, A
8230,2, 0,0, 1,, A
8230,3, 0,0, 1,, A
8230,4, 0,0, 1,, A
8230,5, 0,0, 1,, A
8230,6, 0,0, 1,, A
8230,7, 0,0, 1,, A
8230,8, 0,0, 1,, A
8230,9, 0,0, 1,, A
8230,10, 0,0, 1,, A
8230,11, 0,0, 1,, A
8230,12, 0,0, 1,, A
8230,13, 0,0, 1,, A
8230,14, 0,0, 1,, A
8230,15, 0,0, 1,, A
8230,16, 0,0, 1,, A
8230,17, 0,0, 1,, A
8230,18, 0,0, 1,, A
8230,19, 0,0, 1,, A
8230,20, 0,0, 1,, A
8230,21, 0,0, 1,, A
8230,22, 0,0, 1,, A
8230,23, 0,0, 1,, A
8230,24, 0,0, 1,, A
8230,25, 0,0, 1,, A
8230,26, 0,0, 1,, A
8230,27, 0,0, 1,, A
8230,28, 0,0, 1,, A
8230,29, 0,0, 1,, A
8230,30, 0,0, 1,, A
8230,31, 0,0, 1,, A
8230,32, 0,0, 1,, A
8230,33, 0,0, 1,, A
8230,34, 0,0, 1,, A
8230,35, 0,0, 1,, A
8230,36, 0,0, 1,, A
8230,37, 0,0, 1,, A
8230,38, 0,0, 1,, A
8230,39, 0,0, 1,, A
8230,40, 0,0, 1,, A
8230,41, 0,0, 1,, A
8230,42, 0,0, 1,, A
8230,43, 0,0, 1,, A
8230,44, 0,0, 1,, A
8230,45, 0,0, 1,, A
8230,46, 0,0, 1,, A
8230,47, 0,0, 1,, A
8230,48, 0,0, 1,, A
8230,49, 0,0, 1,, A
8230,50, 0,0, 1,, A
8230,51, 0,0, 1,, A
8230,52, 0,0, 1,, A
8230,53, 0,0, 1,, A
8230,54, 0,0, 1,, A
8230,55, 0,0, 1,, A
8230,56, 0,0, 1,, A


; Tierra Pared
[Begin Action 8250]
8250,0, 0,0, 1,, A
8250,1, 0,0, 1,, A
8250,2, 0,0, 1,, A
8250,3, 0,0, 1,, A
8250,4, 0,0, 1,, A
8250,5, 0,0, 1,, A
8250,6, 0,0, 1,, A
8250,7, 0,0, 1,, A
8250,8, 0,0, 1,, A
8250,9, 0,0, 1,, A
8250,10, 0,0, 1,, A
8250,11, 0,0, 1,, A
8250,12, 0,0, 1,, A
8250,13, 0,0, 1,, A
8250,14, 0,0, 1,, A
8250,15, 0,0, 1,, A
8250,16, 0,0, 1,, A
8250,17, 0,0, 1,, A
8250,18, 0,0, 1,, A
8250,19, 0,0, 1,, A
8250,20, 0,0, 1,, A
8250,21, 0,0, 1,, A
8250,22, 0,0, 1,, A
8250,23, 0,0, 1,, A
8250,24, 0,0, 1,, A
8250,25, 0,0, 1,, A
8250,26, 0,0, 1,, A
8250,27, 0,0, 1,, A
8250,28, 0,0, 1,, A
8250,29, 0,0, 1,, A
8250,30, 0,0, 1,, A
8250,31, 0,0, 1,, A
8250,32, 0,0, 1,, A
8250,33, 0,0, 1,, A
8250,34, 0,0, 1,, A
8250,35, 0,0, 1,, A
8250,36, 0,0, 1,, A
8250,37, 0,0, 1,, A
8250,38, 0,0, 1,, A
8250,39, 0,0, 1,, A
8250,40, 0,0, 1,, A
8250,41, 0,0, 1,, A
8250,42, 0,0, 1,, A
8250,43, 0,0, 1,, A
8250,44, 0,0, 1,, A
8250,45, 0,0, 1,, A
8250,46, 0,0, 1,, A
8250,47, 0,0, 1,, A
8250,48, 0,0, 1,, A
8250,49, 0,0, 1,, A
8250,50, 0,0, 1,, A
8250,51, 0,0, 1,, A
8250,52, 0,0, 1,, A
8250,53, 0,0, 1,, A
8250,54, 0,0, 1,, A
8250,55, 0,0, 1,, A
8250,56, 0,0, 1,, A
8250,57, 0,0, 1,, A
8250,58, 0,0, 1,, A
8250,59, 0,0, 1,, A
8250,60, 0,0, 1,, A
8250,61, 0,0, 1,, A
8250,62, 0,0, 1,, A
8250,63, 0,0, 1,, A
8250,64, 0,0, 1,, A


; Roca Nace
[Begin Action 8260]
1062,0, 0,0, 2
1062,1, 0,0, 2
1062,2, 0,0, 2
1062,3, 0,0, 2
1062,4, 0,0, 2
Loopstart
1062,5, 0,0, 2


; Roca Muere
[Begin Action 8261]
1062,6, 0,0, 1
1062,7, 0,0, 1
1062,8, 0,0, 1
1062,9, 0,0, 1
1062,10, 0,0, 1
1062,11, 0,0, 1
1062,12, 0,0, 1
1062,13, 0,0, 1
1062,14, 0,0, 1
1062,15, 0,0, 1
1062,16, 0,0, 1
1062,17, 0,0, 1
1062,18, 0,0, 1
1062,19, 0,0, 1
1062,20, 0,0, 1
1062,21, 0,0, 1
1062,22, 0,0, 1
1062,23, 0,0, 1
1062,24, 0,0, 1
1062,25, 0,0, 1
1062,26, 0,0, 1
1062,27, 0,0, 1


; Rocas
[Begin Action 8300]
9024,0, 0,0, 10
9024,1, 0,0, 10
9024,2, 0,0, 10
9024,3, 0,0, 10

; Ground HD
[Begin Action 8310]
1064,0, 0,0, 3, , A
1064,1, 0,0, 3,, A
1064,2, 0,0, 3,, A
1064,3, 0,0, 3,, A
1064,4, 0,0, 3,, A
1064,5, 0,0, 3,, A
1064,6, 0,0, 3,, A
1064,7, 0,0, 3,, A

; Explosion FX 2
[Begin Action 9023]
9021,0, 0,0, 2
9021,0, 0,0, 2, , AS200D256
9021,0, 0,0, 2, , AS190D256
9021,0, 0,0, 2, , AS180D256
9021,0, 0,0, 2, , AS170D256
9021,0, 0,0, 2, , AS160D256
9021,0, 0,0, 2, , AS150D256
9021,0, 0,0, 2, , AS140D256
9021,0, 0,0, 2, , AS130D256
9021,0, 0,0, 2, , AS120D256
9021,0, 0,0, 2, , AS110D256
9021,0, 0,0, 2, , AS100D256
9021,0, 0,0, 2, , AS90D256
9021,0, 0,0, 2, , AS80D256
9021,0, 0,0, 2, , AS70D256
9021,0, 0,0, 2, , AS60D256
9021,0, 0,0, 2, , AS50D256
-1,0, 0,0, 2

; Para la IA
[Begin Action 9999]
-1,0, 0,0, 7


