;Sachiel's Air File
;(C) 2003 Rikard & DarkCloud

;---------------------------------------------------------------------------
; Standing Animation
[Begin Action 0]
Clsn2default: 2
 Clsn2[0] = 18,0,-24,-93
 Clsn2[1] = -13,-112,8,-93
0,0, 0,0, 50
0,1,0,0,6
0,2,0,0,7
0,3,0,0,6
0,4,0,0,70
0,3,0,0,8
0,2,0,0,8
0,1,0,0,7

; Turning
[Begin Action 5]
Clsn2Default: 1
 Clsn2[0] = -14,-96,28,0
5,0,0,0,3,H
5,0,0,0,3

; Crouch Turning
[Begin Action 6]
Clsn2default: 1
 Clsn2[0] = -19,-58,24,0
6,0,0,0,2,H
6,1,0,0,2,H
6,2,0,0,2,H

; Stand to crouch
[Begin Action 10]
Clsn2: 1
 Clsn2[0] = -14,-89,23,1
10,0, 0,0, 2

; Crouching animation
[Begin Action 11]
Clsn2: 1
 Clsn2[0] = -19,-58,24,0
11,0, 0,0, 1

; Crouch to Stand
[Begin Action 12]
Clsn2: 1
 Clsn2[0] = -14,-89,23,1
10,0, 0,0, 2

; Walking Forward
[Begin Action 20]
Clsn2default: 1
 Clsn2[0] = -16,-100,26,0
20,0,0,0,7
20,1,0,0,7
20,2,0,0,7

[Begin Action 7020]
7020,0,0,0,3,,A
7020,1,0,0,3,,A
7020,2,0,0,3,,A
7020,3,0,0,3,,A
7020,4,0,0,3,,A
7020,5,0,0,3,,A
7020,6,0,0,3,,A
7020,7,0,0,3,,A
7020,8,0,0,3,,A
7020,9,0,0,3,,A
7020,10,0,0,3,,A
7020,11,0,0,3,,A

[Begin Action 7021]
7020,0,0,0,1,,A
7020,1,0,0,1,,A
7020,2,0,0,1,,A
7020,3,0,0,1,,A
7020,4,0,0,1,,A
7020,5,0,0,1,,A
7020,6,0,0,1,,A
7020,7,0,0,1,,A
7020,8,0,0,1,,A
7020,9,0,0,1,,A
7020,10,0,0,1,,A
7020,11,0,0,1,,A

[Begin Action 7022]
7020,0,0,0,2,,A
7020,1,0,0,2,,A
7020,2,0,0,2,,A
7020,3,0,0,2,,A
7020,4,0,0,2,,A
7020,5,0,0,2,,A
7020,6,0,0,2,,A
7020,7,0,0,2,,A
7020,8,0,0,2,,A
7020,9,0,0,2,,A
7020,10,0,0,2,,A
7020,11,0,0,2,,A

; Walking Back
[Begin Action 21]
Clsn2default: 1
 Clsn2[0] = -16,-100,26,0
21,0,0,0,7
21,1,0,0,7
21,2,0,0,7

; Jump start frame
[Begin Action 40]
Clsn2: 1
 Clsn2[0] = -12,-77,22,0
200,0,0,0,3

; Starting Jumping up
[Begin Action 41]
Clsn2: 1
 Clsn2[0] = -9,-131,20,3
41,0,0,0,8
Clsn2: 1
 Clsn2[0] = -5,-119,31,-26
41,1,0,0,3
Clsn2: 1
 Clsn2[0] = -11,-116,40,-31
41,2,0,0,3
Clsn2: 1
 Clsn2[0] = -18,-117,36,-46
41,3,0,0,6
Clsn2: 1
 Clsn2[0] = -11,-116,40,-31
41,2,0,0,4
Clsn2: 1
 Clsn2[0] = -5,-119,31,-26
41,1,0,0,4
Clsn2: 1
 Clsn2[0] = -9,-131,20,3
41,0,0,0,-1

; Starting Jumping forwards
[Begin Action 42]
Clsn2: 1
 Clsn2[0] = -9,-131,20,3
41,0,0,0,8
Clsn2: 1
 Clsn2[0] = -5,-119,31,-26
41,1,0,0,3
Clsn2: 1
 Clsn2[0] = -8,-118,33,-40
42,0,0,0,3
Clsn2: 1
 Clsn2[0] = -18,-114,31,-72
42,1,0,0,4
Clsn2: 1
 Clsn2[0] = -11,-114,27,-67
42,2,0,0,4
Clsn2: 1
 Clsn2[0] = -11,-114,27,-67
42,3,0,0,4
Clsn2: 2
 Clsn2[0] = -8,-108,20,-65
 Clsn2[1] = 14,-90,37,-37
42,4,0,0,4
Clsn2: 1
 Clsn2[0] = -7,-121,22,-23
42,5,0,0,4
Clsn2: 1
 Clsn2[0] = -9,-131,20,3
41,0,0,0,-1

; Starting Jumping backwards
[Begin Action 43]
Clsn2: 1
 Clsn2[0] = -9,-131,20,3
41,0,0,0,8
Clsn2: 1
 Clsn2[0] = -7,-121,22,-23
42,5,0,0,4
Clsn2: 2
 Clsn2[0] = -8,-108,20,-65
 Clsn2[1] = 14,-90,37,-37
42,4,0,0,4
Clsn2: 1
 Clsn2[0] = -11,-114,27,-67
42,3,0,0,4
Clsn2: 1
 Clsn2[0] = -11,-114,27,-67
42,2,0,0,4
Clsn2: 1
 Clsn2[0] = -18,-114,31,-72
42,1,0,0,4
Clsn2: 1
 Clsn2[0] = -8,-118,33,-40
42,0,0,0,3
Clsn2: 1
 Clsn2[0] = -5,-119,31,-26
41,1,0,0,3
Clsn2: 1
 Clsn2[0] = -9,-131,20,3
41,0,0,0,-1

; Peak and coming down from Jumping up
;[Begin Action 44]

; Peak and coming down from Jumping forwards
;[Begin Action 45]

; Peak and coming down from Jumping backwards
;[Begin Action 46]

; Starting Jumping up
[Begin Action 900]
Clsn2: 1
 Clsn2[0] = -9,-131,20,3
41,0,0,0,4
Clsn2: 1
 Clsn2[0] = -5,-119,31,-26
41,1,0,0,2
Clsn2: 1
 Clsn2[0] = -11,-116,40,-31
41,2,0,0,2
Clsn2: 1
 Clsn2[0] = -18,-117,36,-46
41,3,0,0,4
Clsn2: 1
 Clsn2[0] = -11,-116,40,-31
41,2,0,0,2
Clsn2: 1
 Clsn2[0] = -5,-119,31,-26
41,1,0,0,2
Clsn2: 1
 Clsn2[0] = -9,-131,20,3
41,0,0,0,-1

; Jump land animation
[Begin Action 47]
Clsn2: 1
 Clsn2[0] = -12,-77,22,0
200,0,0,0,3

; Run forwards
[Begin Action 100]
Clsn2Default: 2
 Clsn2[0] = -24,-44,17,-1
 Clsn2[1] = -4,-105,53,-44
100,0,0,0,2
100,1,0,0,2
100,2,0,0,2
100,3,0,0,2

; Hop backwards
[Begin Action 105]
Clsn2: 1
 Clsn2[0] = -30,-84,14,1
105,0,0,0,-1

;---------------------------
; Lose
[Begin Action 170]
5300,0,0,0,30
5300,1,0,0,40

;---------------------------
; Win
[Begin Action 181]
180,0, 0,0, 8
180,1,0,0,8
180,2,0,0,-1

[Begin Action 195]
Clsn2default: 1
 Clsn2[0] = -14,-107,20,0
180,0, 0,0,7
180,1,0,0,7
180,2,0,0,120
180,1,0,0,7
180,0, 0,0, 7

[Begin Action 182]
181,0, 0,0, 8
181,5,0,0,16
181,1,0,0,3
181,2,0,0,3
181,3,0,0,3
181,4,0,0,3
181,5,0,0,60
181,6,0,0,55
-1,0,0,0,-1

[Begin Action 183]
182,0,0,0,4,,A
182,1,0,0,4,,A
182,2,0,0,4,,A
182,3,0,0,2,,A
182,4,0,0,2,,A
182,5,0,0,2,,A
loopstart
182,6,0,0,2,,A
182,7,0,0,2,,A

[Begin Action 1823]
1823,0, 0,0, 10
-1,0,0,0,2
1823,0, 0,0, 2
-1,0,0,0,2
1823,0, 0,0, 2
-1,0,0,0,2
1823,0, 0,0, 2
-1,0,0,0,2
1823,0, 0,0, 2
-1,0,0,0,2
1823,0, 0,0, 2
-1,0,0,0,2
1823,0, 0,0, 2
-1,0,0,0,2
1823,0, 0,0, 2

[Begin Action 1824]
1823,1, 0,0, 10
-1,0,0,0,2
1823,1, 0,0, 2
-1,0,0,0,2
1823,1, 0,0, 2
-1,0,0,0,2
1823,1, 0,0, 2
-1,0,0,0,2
1823,1, 0,0, 2
-1,0,0,0,2
1823,1, 0,0, 2
-1,0,0,0,2
1823,1, 0,0, 2
-1,0,0,0,2
1823,1, 0,0, 2

[Begin Action 1825]
1824,0,0,0,1,,A
1824,1,0,0,1,,A
1824,2,0,0,1,,A
1824,3,0,0,1,,A
1824,4,0,0,1,,A
1824,5,0,0,1,,A
1824,6,0,0,1,,A
1824,7,0,0,1,,A
1824,8,0,0,1,,A

[Begin Action 1826]
1826,0,0,0,3,,A
1826,1,0,0,3,,A
1826,2,0,0,3,,A
1826,3,0,0,3,,A
1826,4,0,0,3,,A
1826,5,0,0,3,,A
1826,6,0,0,3,,A
1826,7,0,0,3,,A
1826,8,0,0,3,,A
1826,9,0,0,3,,A

[Begin Action 184]
182,8,0,0,4,,A
182,9,0,0,4,,A

[Begin Action 1842]
182,10,0,0,4,,A
182,11,0,0,3,,A
182,12,0,0,3,,A
182,13,0,0,3,,A
182,14,0,0,3,,A
182,15,0,0,3,,A


;Intro
[Begin Action 190]
190,0,0,0,300
190,1,0,0,8
190,2,0,0,8
190,3,0,0,-1

[Begin Action 1901]
200,0,0,0,4

[Begin Action 1900]
-1,0,0,0,-1


;--------------------
; GUARDSTART (stand)
[Begin Action 120]
Clsn2: 1
 Clsn2[0] = 16,1,-18,-109
120,0,0,0,2
Clsn2: 1
 Clsn2[0] = 16,1,-18,-109
120,1,0,0,1

; GUARDSTART (crouch)
[Begin Action 121]
Clsn2: 1
 Clsn2[0] = -19,-58,24,0
121,0, 0,0, 2
Clsn2: 1
 Clsn2[0] = -19,-58,24,0
121,1, 0,0, 1

; GUARDSTART (air)
[Begin Action 122]
Clsn2: 1
 Clsn2[0] = -11,-116,40,-31
122,0, 0,0, 2

; GUARD (stand)
[Begin Action 130]
Clsn2: 1
 Clsn2[0] = 16,1,-18,-109
120,1,0,0,1

; GUARD (crouch)
[Begin Action 131]
Clsn2: 1
 Clsn2[0] = -19,-58,24,0
121,1, 0,0, 1

; GUARD (air)
[Begin Action 132]
Clsn2: 1
 Clsn2[0] = -11,-116,40,-31
122,0, 0,0, 2

; GUARDEND (stand)
[Begin Action 140]
Clsn2: 1
 Clsn2[0] = 16,1,-18,-109
120,1,0,0,1
Clsn2: 1
 Clsn2[0] = 16,1,-18,-109
120,0,0,0,2

; GUARDEND (crouch)
[Begin Action 141]
Clsn2: 1
 Clsn2[0] = -19,-58,24,0
121,1, 0,0, 1
Clsn2: 1
 Clsn2[0] = -19,-58,24,0
121,0, 0,0, 2


; GUARDEND (air)
[Begin Action 142]
Clsn2: 1
 Clsn2[0] = -11,-116,40,-31
122,0, 0,0, 2

; Hit back while guarding (stand)
[Begin Action 150]
Clsn2: 1
 Clsn2[0] = 16,1,-18,-109
120,1,0,0,1

; Hit back while guarding (crouch)
[Begin Action 151]
Clsn2: 1
 Clsn2[0] = -19,-58,24,0
121,1, 0,0, 1

; Hit back while guarding (air)
[Begin Action 152]
Clsn2: 1
 Clsn2[0] = -11,-116,40,-31
122,0, 0,0, 2















[Begin Action 200]
Clsn2: 1
 Clsn2[0] = -26,-97,19,-1
200,0,0,0,4
Clsn1: 1
 Clsn1[0] = 7,-91,63,-65
Clsn2: 3
 Clsn2[0] = -27,-43,33,1
 Clsn2[1] = -16,-96,24,-42
 Clsn2[2] = 11,-86,61,-68
200,1,0,0,3
Clsn2: 3
 Clsn2[0] = -27,-43,33,1
 Clsn2[1] = -16,-96,24,-42
 Clsn2[2] = 11,-86,61,-68
200,2,0,0,5
Clsn2: 1
 Clsn2[0] = -26,-97,19,-1
200,0,0,0,6

[Begin Action 205]
Clsn2: 1
 Clsn2[0] = -26,-97,19,-1
200,0,0,0,2
Clsn2: 1
 Clsn2[0] = -15,-103,23,2
205,0,0,0,3
Clsn1: 1
 Clsn1[0] = 12,-100,55,-48
Clsn2: 3
 Clsn2[0] = -29,-51,38,5
 Clsn2[1] = -9,-100,39,-53
 Clsn2[2] = 38,-99,54,-69
205,1,0,0,4
Clsn2: 3
 Clsn2[0] = -29,-51,38,5
 Clsn2[1] = -9,-100,39,-53
 Clsn2[2] = 38,-99,54,-69
205,2,0,0,4
Clsn2: 1
 Clsn2[0] = -26,-97,19,-1
200,0,0,0,5

[Begin Action 210]
Clsn2: 1
 Clsn2[0] = -25,-90,26,0
210,5,0,0,5
Clsn2: 1
 Clsn2[0] = -25,-90,26,0
210,0,0,0,4
Clsn1: 1
 Clsn1[0] = 16,-95,76,-65
Clsn2: 3
 Clsn2[0] = -33,-36,37,5
 Clsn2[1] = -2,-94,42,-34
 Clsn2[2] = 27,-93,70,-77
210,1,0,0,2
Clsn1: 1
 Clsn1[0] = 16,-95,76,-65
Clsn2: 3
 Clsn2[0] = -33,-36,37,5
 Clsn2[1] = -2,-94,42,-34
 Clsn2[2] = 27,-93,70,-77
210,2,0,0,5
Clsn2: 1
 Clsn2[0] = -14,-93,50,1
210,3,0,0,6
Clsn2: 1
 Clsn2[0] = -23,-92,29,3
210,4,0,0,7
Clsn2: 1
 Clsn2[0] = -25,-90,26,0
210,6,0,0,5

[Begin Action 211]
211,0,0,0,1,,A
-1,0,0,0,1
211,1,0,0,1,,A
-1,0,0,0,1
211,2,0,0,1,,A
211,3,0,0,1,,A
211,4,0,0,1,,A
211,5,0,0,1,,A
211,6,0,0,1,,A
211,7,0,0,1,,A
211,8,0,0,1,,A









[Begin Action 220]
Clsn2: 1
 Clsn2[0] = -8,-98,28,0
220,0,0,0,2
Clsn2: 1
 Clsn2[0] = 5,-99,39,2
220,1,0,0,2
Clsn2: 1
 Clsn2[0] = 7,-111,37,2
220,2,0,0,1
Clsn1: 1
 Clsn1[0] = 12,-159,75,2
Clsn2: 1
 Clsn2[0] = 4,-133,39,3
220,3,0,0,2
Clsn2: 1
 Clsn2[0] = 4,-133,39,3
220,4,0,0,4
Clsn2: 3
 Clsn2[0] = 4,-104,42,4
 Clsn2[1] = 38,-106,73,-66
 Clsn2[2] = 66,-119,89,-96
220,5,0,0,3
Clsn1: 2
 Clsn1[0] = 20,-77,107,-49
 Clsn1[1] = 13,-103,117,5
Clsn2: 2
 Clsn2[0] = -2,-102,46,1
 Clsn2[1] = 13,-73,109,-54
220,6,0,0,4
Clsn2: 2
 Clsn2[0] = -4,-102,43,-51
 Clsn2[1] = 17,-63,92,1
220,7,0,0,4
Clsn2: 1
 Clsn2[0] = -1,-106,63,0
220,8,0,0,4
Clsn2: 1
 Clsn2[0] = 0,-101,48,-1
220,1,0,0,5
Clsn2: 1
 Clsn2[0] = -11,-99,33,1
220,0,0,0,5

[Begin Action 221]
221,0,0,0,1,,A
221,1,0,0,1,,A
221,2,0,0,1,,A
221,3,0,0,1,,A
221,4,0,0,1,,A
221,5,0,0,1,,A
221,6,0,0,1,,A
221,7,0,0,1,,A

[Begin Action 222]
222,0,0,0,1,,A
222,1,0,0,1,,A
222,2,0,0,1,,A
222,3,0,0,1,,A
222,4,0,0,1,,A
222,5,0,0,1,,A
222,6,0,0,1,,A
222,7,0,0,1,,A

[Begin Action 230]
Clsn2: 1
 Clsn2[0] = -26,-106,29,3
230,0,0,0,2
Clsn2: 1
 Clsn2[0] = -7,-100,29,4
230,1,0,0,1
Clsn2: 2
 Clsn2[0] = -4,-103,31,1
 Clsn2[1] = 12,-80,88,-62
230,3,0,0,1
Clsn1: 1
 Clsn1[0] = 5,-87,91,-57
Clsn2: 2
 Clsn2[0] = -4,-103,31,1
 Clsn2[1] = 12,-80,88,-62
230,4,0,0,4
Clsn2: 2
 Clsn2[0] = -4,-103,31,1
 Clsn2[1] = 12,-80,88,-62
230,5,0,0,3
Clsn2: 2
 Clsn2[0] = -8,-107,30,4
 Clsn2[1] = -5,-81,58,-42
230,2,0,0,4
Clsn2: 1
 Clsn2[0] = -10,-104,39,1
230,1,0,0,4
Clsn2: 1
 Clsn2[0] = -20,-102,27,4
230,0,0,0,5

[Begin Action 235]
Clsn2: 1
 Clsn2[0] = -26,-106,29,3
230,0,0,0,4
Clsn2: 1
 Clsn2[0] = -10,-104,39,1
230,1,0,0,3
Clsn1: 1
 Clsn1[0] = 17,-68,86,-22
Clsn2: 2
 Clsn2[0] = -1,-109,36,2
 Clsn2[1] = 30,-61,85,-21
235,0,0,0,5
Clsn2: 1
 Clsn2[0] = -10,-104,39,1
230,1,0,0,4
Clsn2: 1
 Clsn2[0] = -26,-106,29,3
230,0,0,0,5

[Begin Action 240]
Clsn2: 1
 Clsn2[0] = -14,-97,22,1
240,0,0,0,4
Clsn2: 1
 Clsn2[0] = -14,-97,22,1
240,1,0,0,2
Clsn2: 1
 Clsn2[0] = -14,-97,22,1
240,2,0,0,2
Clsn2: 1
 Clsn2[0] = -14,-97,22,1
240,3,0,0,2
Clsn2: 1
 Clsn2[0] = -14,-97,22,1
240,4,0,0,2
Clsn2: 1
 Clsn2[0] = -14,-97,22,1
240,5,0,0,3
Clsn1: 1
 Clsn1[0] = 1,-85,86,-63
Clsn2: 3
 Clsn2[0] = -14,-69,29,1
 Clsn2[1] = -35,-97,13,-60
 Clsn2[2] = 1,-83,84,-65
240,6,0,0,4
Clsn2: 3
 Clsn2[0] = -13,-64,18,2
 Clsn2[1] = -43,-95,3,-61
 Clsn2[2] = 0,-84,70,-62
240,7,0,0,4
Clsn2: 3
 Clsn2[0] = -48,-97,-2,-49
 Clsn2[1] = -14,-67,11,5
 Clsn2[2] = -2,-59,58,-42
240,8,0,0,5
Clsn2: 1
 Clsn2[0] = -38,-94,2,4
245,0,0,0,6

[Begin Action 245]
Clsn2: 1
 Clsn2[0] = -38,-94,2,4
245,0,0,0,3
Clsn2: 1
 Clsn2[0] = -35,-96,6,-2
245,1,0,0,4
Clsn2: 1
 Clsn2[0] = -30,-104,15,1
245,2,0,0,3
Clsn1: 1
 Clsn1[0] = -17,-91,70,-60
Clsn2: 2
 Clsn2[0] = -39,-106,0,0
 Clsn2[1] = -10,-88,69,-64
245,3,0,0,3
Clsn2: 2
 Clsn2[0] = -17,-91,70,-60
 Clsn2[1] = -44,-113,-3,1
245,4,0,0,2
Clsn2: 1
 Clsn2[0] = -30,-102,16,-1
245,2,0,0,3
Clsn2: 1
 Clsn2[0] = -40,-94,6,0
245,1,0,0,4


[Begin Action 250]
Clsn2: 1
 Clsn2[0] = -25,-90,26,0
210,5,0,0,6
Clsn2: 1
 Clsn2[0] = -25,-90,26,0
210,0,0,0,4
Clsn1: 1
 Clsn1[0] = 11,-107,203,-60
Clsn2: 3
 Clsn2[0] = -33,-36,37,5
 Clsn2[1] = -2,-94,42,-34
 Clsn2[2] = 27,-93,70,-77
210,1,0,0,2
Clsn1: 1
 Clsn1[0] = 11,-107,203,-60
Clsn2: 3
 Clsn2[0] = -33,-36,37,5
 Clsn2[1] = -2,-94,42,-34
 Clsn2[2] = 27,-93,70,-77
210,2,0,0,5
Clsn2: 1
 Clsn2[0] = -14,-93,50,1
210,3,0,0,6
Clsn2: 1
 Clsn2[0] = -23,-92,29,3
210,4,0,0,7
Clsn2: 1
 Clsn2[0] = -25,-90,26,0
210,6,0,0,5



[Begin Action 400]
Clsn2: 1
 Clsn2[0] = -15,-63,24,-1
400,0,0,0,3
Clsn1: 1
 Clsn1[0] = 12,-58,59,-39
Clsn2: 2
 Clsn2[0] = -15,-63,24,-1
 Clsn2[1] = 9,-54,59,-40
400,1,0,0,5
Clsn2: 1
 Clsn2[0] = -15,-61,21,2
400,0,0,0,3

[Begin Action 410]
Clsn2: 1
 Clsn2[0] = -8,-82,39,-1
410,0,0,0,2
Clsn2: 2
 Clsn2[0] = -12,-41,62,-1
 Clsn2[1] = 2,-73,85,-35
410,1,0,0,3
Clsn2: 2
 Clsn2[0] = -12,-42,57,-1
 Clsn2[1] = 21,-74,74,-36
410,2,0,0,7
Clsn2: 1
 Clsn2[0] = 6,-67,68,-2
410,3,0,0,1
Clsn1: 3
 Clsn1[0] = 46,-54,92,-1
 Clsn1[1] = 26,-12,112,7
 Clsn1[2] = 54,-97,131,5
Clsn2: 2
 Clsn2[0] = 6,-67,68,-2
 Clsn2[1] = 42,-55,83,-1
410,4,0,0,3
Clsn2: 1
 Clsn2[0] = 18,-71,74,0
410,5,0,0,5
Clsn2: 1
 Clsn2[0] = 18,-71,74,0
410,6,0,0,5
Clsn2: 1
 Clsn2[0] = 2,-76,45,3
410,7,0,0,6
Clsn2: 1
 Clsn2[0] = -7,-75,45,6
410,8,0,0,6

[Begin Action 411]
411,0,0,0,1,,A
411,1,0,0,1,,A
411,2,0,0,1,,A
411,3,0,0,1,,A
411,4,0,0,1,,A
411,5,0,0,1,,A
411,6,0,0,1,,A
411,7,0,0,1,,A
411,8,0,0,1,,A

[Begin Action 430]
Clsn2: 1
 Clsn2[0] = -15,-63,24,-1
430,0,0,0,3
Clsn1: 1
 Clsn1[0] = -11,-25,73,5
Clsn2: 2
 Clsn2[0] = -15,-63,24,-1
 Clsn2[1] = 7,-18,71,2
430,1,0,0,5
Clsn2: 1
 Clsn2[0] = -15,-61,21,2
430,0,0,0,4

[Begin Action 440]
Clsn2: 1
 Clsn2[0] = -15,-63,24,-1
430,0,0,0,4
Clsn2: 1
 Clsn2[0] = -20,-56,29,-1
440,0,0,0,4
Clsn2: 2
 Clsn2[0] = 2,-61,33,-3
 Clsn2[1] = 16,-44,79,-25
440,1,0,0,3
Clsn1: 1
 Clsn1[0] = 31,-60,75,-2
Clsn2: 2
 Clsn2[0] = -4,-57,35,-1
 Clsn2[1] = 34,-62,69,-20
440,2,0,0,4
Clsn2: 1
 Clsn2[0] = -3,-57,46,-1
440,3,0,0,5
Clsn2: 1
 Clsn2[0] = -6,-54,30,-1
440,4,0,0,6
Clsn2: 1
 Clsn2[0] = -15,-63,24,-1
430,0,0,0,4

[Begin Action 600]
Clsn2: 1
 Clsn2[0] = -8,-125,32,-37
600,0,0,0,4
Clsn1: 2
 Clsn1[0] = 81,-54,142,-25
 Clsn1[1] = 26,-81,95,-48
Clsn2: 1
 Clsn2[0] = -10,-111,36,-50
600,1,0,0,8
Clsn2: 1
 Clsn2[0] = -11,-116,40,-31
41,2,0,0,5
Clsn2: 1
 Clsn2[0] = -5,-119,31,-26
41,1,0,0,4
Clsn2: 1
 Clsn2[0] = -9,-131,20,3
41,0,0,0,-1

[Begin Action 601]
601,0,0,0,4,,A
601,1,0,0,1,,A
601,2,0,0,1,,A
601,3,0,0,2,,A
601,4,0,0,2,,A
601,5,0,0,2,,A

[Begin Action 610]
Clsn2: 1
 Clsn2[0] = -8,-125,32,-37
610,0,0,0,6
Clsn1: 1
 Clsn1[0] = 5,-104,47,-62
Clsn2: 1
 Clsn2[0] = -24,-120,38,-65
610,1,0,0,6
Clsn2: 1
 Clsn2[0] = -8,-125,32,-37
610,0,0,0,6
Clsn2: 1
 Clsn2[0] = -11,-116,40,-31
41,2,0,0,5
Clsn2: 1
 Clsn2[0] = -5,-119,31,-26
41,1,0,0,4
Clsn2: 1
 Clsn2[0] = -9,-131,20,3
41,0,0,0,-1

[Begin Action 630]
Clsn2: 1
 Clsn2[0] = -8,-115,29,-44
630,0,0,0,5
Clsn1: 1
 Clsn1[0] = 20,-108,87,-70
Clsn2: 2
 Clsn2[0] = -20,-112,36,-56
 Clsn2[1] = 32,-97,85,-80
630,1,0,0,6
Clsn2: 1
 Clsn2[0] = -8,-115,29,-44
630,0,0,0,3
Clsn2: 1
 Clsn2[0] = -11,-116,40,-31
41,2,0,0,4
Clsn2: 1
 Clsn2[0] = -5,-119,31,-26
41,1,0,0,4
Clsn2: 1
 Clsn2[0] = -9,-131,20,3
41,0,0,0,-1

[Begin Action 640]
Clsn2: 1
 Clsn2[0] = -15,-141,20,-76
640,0,0,0,4
Clsn2: 1
 Clsn2[0] = -14,-148,40,-62
640,1,0,0,4
Clsn1: 1
 Clsn1[0] = 18,-109,83,-66
Clsn2: 2
 Clsn2[0] = -17,-129,33,-54
 Clsn2[1] = 11,-107,77,-75
640,2,0,0,4
Clsn2: 1
 Clsn2[0] = -5,-119,31,-26
41,1,0,0,4
Clsn2: 1
 Clsn2[0] = -9,-131,20,3
41,0,0,0,-1

[Begin Action 641]
Clsn2: 1
 Clsn2[0] = -8,-118,33,-40
42,0,0,0,2
Clsn2: 1
 Clsn2[0] = -18,-114,31,-72
42,1,0,0,2
Clsn2: 1
 Clsn2[0] = -11,-114,27,-67
42,2,0,0,2
Clsn2: 1
 Clsn2[0] = -11,-114,27,-67
42,3,0,0,2
Clsn2: 1
 Clsn2[0] = -15,-141,20,-76
640,0,0,0,4
Clsn2: 1
 Clsn2[0] = -14,-148,40,-62
640,1,0,0,4
Clsn1: 1
 Clsn1[0] = 18,-109,83,-66
Clsn2: 2
 Clsn2[0] = -17,-129,33,-54
 Clsn2[1] = 11,-107,77,-75
640,2,0,0,4
Clsn2: 1
 Clsn2[0] = -5,-119,31,-26
41,1,0,0,4
Clsn2: 1
 Clsn2[0] = -9,-131,20,3
41,0,0,0,-1

[Begin Action 650]
Clsn2: 1
 Clsn2[0] = -19,-128,30,-38
650,0,0,0,6
Clsn1: 1
 Clsn1[0] = -21,-158,126,-57
Clsn2: 1
 Clsn2[0] = 2,-107,38,-61
650,1,0,0,2
Clsn1: 1
 Clsn1[0] = 12,-134,134,16
Clsn2: 1
 Clsn2[0] = -24,-102,34,-55
650,2,0,0,2
Clsn1: 1
 Clsn1[0] = -54,-75,138,14
Clsn2: 1
 Clsn2[0] = -17,-117,27,-61
650,3,0,0,2
Clsn2: 1
 Clsn2[0] = -23,-122,44,-78
650,4,0,0,2
Clsn2: 2
 Clsn2[0] = -8,-108,20,-65
 Clsn2[1] = 14,-90,37,-37
42,4,0,0,4
Clsn2: 1
 Clsn2[0] = -7,-121,22,-23
42,5,0,0,4
Clsn2: 1
 Clsn2[0] = -9,-131,20,3
41,0,0,0,-1

[Begin Action 651]
651,0,0,0,6,,A
651,1,0,0,-1,,A

[Begin Action 652]
651,2,0,0,2,,A
651,3,0,0,2,,A
651,4,0,0,2,,A

[Begin Action 700]
700,0,0,0,2
700,1,0,0,2
700,2,0,0,2
700,3,0,0,2
-1,0,0,0,16
700,3,0,0,2
700,2,0,0,2
700,1,0,0,2
700,0,0,0,2

[Begin Action 701]
Clsn2default: 1
 Clsn2[0] = -21,-109,18,1
701,0,0,0,2,,A
701,1,0,0,2,,A
701,2,0,0,2,,A
701,3,0,0,2,,A
-1,0,0,0,16
701,3,0,0,2,,A
701,2,0,0,2,,A
701,1,0,0,2,,A
701,0,0,0,2,,A

[Begin Action 710]
710,0,0,0,2
710,1,0,0,2
710,2,0,0,2
710,3,0,0,2
710,4,0,0,2
710,5,0,0,2
710,6,0,0,2
710,7,0,0,2

[Begin Action 750]
Clsn2default: 1
 Clsn2[0] = -22,-111,11,1
750,0,0,0,3
750,1,0,0,3
750,2,0,0,4
loopstart
750,3,0,0,2

[Begin Action 751]
Clsn2default: 1
 Clsn2[0] = -22,-111,11,1
750,2,0,0,4
750,1,0,0,3
750,0,0,0,3

[Begin Action 752]
751,0,0,0,1,,A
751,1,0,0,1,,A
751,2,0,0,1,,A
751,3,0,0,1,,A
751,4,0,0,1,,A
751,5,0,0,1,,A

[Begin Action 753]
751,5,0,0,1,,A
751,4,0,0,1,,A
751,3,0,0,1,,A
751,2,0,0,1,,A
751,1,0,0,1,,A
751,0,0,0,1,,A


[Begin Action 800]
Clsn1: 1
 Clsn1[0] = -4,-116,34,3
Clsn2default: 2
 Clsn2[0] = -24,-93,18,0
 Clsn2[1] = -13,-112,8,-93
0,0, 0,0, 1

[Begin Action 850]
1000,0,0,0,2
1000,1,0,0,20
250,0,0,0,2
250,1,0,0,2
250,4,0,0,16
250,3,0,0,4
250,2,0,0,5
250,1,0,0,5
250,0,0,0,4

; Jump start frame
[Begin Action 801]
200,0,0,0,3


; Starting Jumping forwards
[Begin Action 802]
41,0,0,0,4
41,1,0,0,3
42,0,0,0,3
42,1,0,0,4
42,2,0,0,4
42,3,0,0,4
42,4,0,0,4
42,5,0,0,4
100,0,0,0,8

[Begin Action 803]
42,0,0,0,3
42,1,0,0,4
42,2,0,0,4
42,3,0,0,4
42,4,0,0,4
42,5,0,0,4
41,0,0,0,-1

[Begin Action 852]
41,0,0,0,4,H
41,1,0,0,3,H
42,0,0,0,3,H
42,1,0,0,4,H
42,2,0,0,4,H
42,3,0,0,4,H
42,4,0,0,4,H
42,5,0,0,4,H
100,0,0,0,8,H

[Begin Action 853]
42,0,0,0,3,H
42,1,0,0,4,H
42,2,0,0,4,H
42,3,0,0,4,H
42,4,0,0,4,H
42,5,0,0,4,H
41,0,0,0,-1,H


[Begin Action 810]
5010,10,0,0,-1

[Begin Action 811]
5000,20,0,0,2
5000,20,-1,0,2
5000,20,0,0,2
5000,20,1,0,2


[Begin Action 1000]
Clsn2: 1
 Clsn2[0] = -31,-88,5,1
1000,0,0,0,3
Clsn1: 1
 Clsn1[0] = -7,-75,22,1
Clsn2: 2
 Clsn2[0] = -35,-42,21,2
 Clsn2[1] = -17,-75,19,-42
1000,1,0,0,4
Clsn2: 2
 Clsn2[0] = -43,-25,27,1
 Clsn2[1] = -9,-78,30,-25
1000,2,0,0,2
Clsn1: 3
 Clsn1[0] = 37,-120,72,-72
 Clsn1[1] = 28,-73,65,-22
 Clsn1[2] = 26,-136,94,-12
Clsn2: 1
 Clsn2[0] = -10,-114,31,-13
1001,0,0,0,3

[Begin Action 1001]
Clsn1: 1
 Clsn1[0] = 26,-158,144,5
Clsn2: 2
 Clsn2[0] = -4,-118,32,-13
 Clsn2[1] = 18,-147,37,-113
1001,1,0,0,2
Clsn1: 1
 Clsn1[0] = -5,-202,153,1
Clsn2: 1
 Clsn2[0] = -4,-114,40,5
1001,2,0,0,2
Clsn2: 1
 Clsn2[0] = -3,-121,34,-13
1001,3,0,0,3
Clsn2: 1
 Clsn2[0] = -2,-121,21,-11
1001,4,0,0,4
Clsn2: 1
 Clsn2[0] = -7,-113,24,-18
1001,5,0,0,4
Clsn2: 1
 Clsn2[0] = -7,-113,24,-18
1001,6,0,0,-1

[Begin Action 1011]
Clsn1: 3
 Clsn1[0] = 37,-120,72,-72
 Clsn1[1] = 28,-73,65,-22
 Clsn1[2] = 26,-136,94,-12
Clsn2: 1
 Clsn2[0] = -10,-114,31,-13
1001,0,0,0,3
Clsn1: 5
 Clsn1[0] = 20,-156,71,-111
 Clsn1[1] = 49,-143,110,-91
 Clsn1[2] = 44,-111,96,-63
 Clsn1[3] = 4,-172,82,-106
 Clsn1[4] = 43,-115,122,-21
Clsn2: 2
 Clsn2[0] = -4,-118,32,-13
 Clsn2[1] = 18,-147,37,-113
1001,1,0,0,3
Clsn1: 3
 Clsn1[0] = -17,-159,42,-131
 Clsn1[1] = 6,-179,80,-133
 Clsn1[2] = 47,-144,85,-107
Clsn2: 1
 Clsn2[0] = -4,-114,40,5
1001,2,0,0,3
Clsn2: 1
 Clsn2[0] = -3,-121,34,-13
1001,3,0,0,5
Clsn2: 1
 Clsn2[0] = -2,-121,21,-11
1001,4,0,0,6
Clsn2: 1
 Clsn2[0] = -7,-113,24,-18
1001,5,0,0,7
Clsn2: 1
 Clsn2[0] = -7,-113,24,-18
1001,6,0,0,-1

[Begin Action 1002]
1002,0,0,0,1,,A
1002,1,0,0,1,,A
1002,2,0,0,2,,A
1002,3,0,0,2,,A
1002,4,0,0,-1,,A

[Begin Action 1004]
1002,5,0,0,2,,A

[Begin Action 1005]
1002,6,0,0,2,,A
1002,7,0,0,3,,A
1002,8,0,0,4,,A
1002,9,0,0,2,,A

[Begin Action 1006]
1003,0,0,0,1,,A
1003,1,0,0,1,,A
1003,2,0,0,1,,A
1003,3,0,0,1,,A
1003,4,0,0,1,,A
1003,5,0,0,1,,A
1003,6,0,0,1,,A
1003,7,0,0,1,,A
1003,8,0,0,1,,A
1003,9,0,0,1,,A


[Begin Action 1050]
Clsn2Default: 1
 Clsn2[0] = -14,-107,17,-2
1050,0,0,0,3
1050,1,0,0,10
1050,2,0,0,10
1050,0,0,0,6

[Begin Action 1051]
-1,0,0,0,2
loopstart
1051,0,0,0,1,,A
1051,1,0,0,1,,A
1051,2,0,0,1,,A
1051,3,0,0,1,,A
1051,4,0,0,1,,A
1051,5,0,0,1,,A

[Begin Action 1052]
1051,0,0,0,2,,A
1051,1,0,0,2,,A
1051,2,0,0,2,,A
1051,3,0,0,1,,A
1051,4,0,0,1,,A
1051,5,0,0,1,,A

[Begin Action 1053]
1053,0,0,0,2,,A
1053,1,0,0,2,,A
Clsn1: 1
 Clsn1[0] = -23,-78,21,5
1053,2,0,0,2,,A
Clsn1: 1
 Clsn1[0] = -23,-78,21,5
1053,3,0,0,2,,A
1053,4,0,0,2,,A
1053,5,0,0,2,,A
1053,6,0,0,2,,A
1053,7,0,0,2,,A

[Begin Action 1054]
1054,0,0,0,2,,A
1054,1,0,0,2,,A
1054,2,0,0,2,,A
1054,3,0,0,2,,A
1054,4,0,0,2,,A
1054,5,0,0,2,,A
1054,6,0,0,2,,A
1054,7,0,0,2,,A
1054,8,0,0,2,,A


[Begin Action 1060]
Clsn2Default: 1
 Clsn2[0] = -14,-107,17,-2
1060,0,0,0,4
1060,1,0,0,3
1060,2,0,0,3
1060,3,0,0,6
1060,4,0,0,8
200,0,0,0,4

[Begin Action 1070]
Clsn2: 1
 Clsn2[0] = -38,-94,2,4
245,0,0,0,3
Clsn2: 1
 Clsn2[0] = -35,-96,6,-2
245,1,0,0,4
Clsn2: 1
 Clsn2[0] = -30,-104,15,1
245,2,0,0,3
Clsn1: 1
 Clsn1[0] = 70,-50,-16,-94
Clsn2: 2
 Clsn2[0] = -39,-106,0,0
 Clsn2[1] = -10,-88,69,-64
245,3,0,0,6
Clsn2: 2
 Clsn2[0] = -17,-91,70,-60
 Clsn2[1] = -44,-113,-3,1
245,4,0,0,2
Clsn2: 1
 Clsn2[0] = -30,-102,16,-1
245,2,0,0,3
Clsn2: 1
 Clsn2[0] = -40,-94,6,0
245,1,0,0,4

[Begin Action 1072]
Clsn2: 2
 Clsn2[0] = -17,-91,70,-60
 Clsn2[1] = -44,-113,-3,1
245,4,0,0,2
Clsn2: 1
 Clsn2[0] = -30,-102,16,-1
245,2,0,0,2
Clsn2: 1
 Clsn2[0] = -40,-94,6,0
245,1,0,0,2
Clsn2: 1
 Clsn2[0] = -11,-102,23,-1
250,0,0,0,2
Clsn2: 1
 Clsn2[0] = -3,-105,28,-1
250,1,0,0,2
Clsn2: 2
 Clsn2[0] = 7,-98,44,-1
 Clsn2[1] = 30,-80,100,-58
250,2,0,0,2
Clsn2: 1
 Clsn2[0] = 9,-107,42,3
250,3,0,0,2
Clsn1: 1
 Clsn1[0] = 29,-119,69,5
Clsn2: 1
 Clsn2[0] = 9,-107,42,3
250,4,0,0,16
Clsn2: 1
 Clsn2[0] = 11,-112,52,-1
250,3,0,0,4
Clsn2: 2
 Clsn2[0] = 6,-105,47,5
 Clsn2[1] = 42,-83,93,-58
250,2,0,0,5
Clsn2: 1
 Clsn2[0] = -2,-111,37,6
250,1,0,0,5
Clsn2: 1
 Clsn2[0] = -13,-99,24,0
250,0,0,0,4

[Begin Action 1071]
1071,0,0,0,1,,A
1071,1,0,0,1,,A
1071,2,0,0,1,,A
1071,3,0,0,1,,A
1071,4,0,0,1,,A
1071,5,0,0,1,,A
1071,6,0,0,1,,A
1071,7,0,0,1,,A

[Begin Action 11060]
Clsn1: 1
 Clsn1[0] = -18,-16,38,18
Clsn2: 1
 Clsn2[0] = -15,-14,29,13
1061,0,0,0,2,,A
Clsn1: 2
 Clsn1[0] = -6,-7,80,9
 Clsn1[1] = -23,-11,80,12
Clsn2: 1
 Clsn2[0] = -6,-7,80,9
1061,1,0,0,2,,A
Clsn1: 1
 Clsn1[0] = 13,-13,96,11
Clsn2: 1
 Clsn2[0] = 13,-13,96,11
1061,2,0,0,2,,A
Clsn1: 1
 Clsn1[0] = 56,-16,99,14
Clsn2: 1
 Clsn2[0] = 56,-15,98,14
1061,3,0,0,2,,A
Clsn1: 1
 Clsn1[0] = 66,-30,103,30
Clsn2: 1
 Clsn2[0] = 66,-30,103,30
1061,4,0,0,2,,A
Clsn1: 1
 Clsn1[0] = 66,-30,103,30
Clsn2: 1
 Clsn2[0] = 66,-30,103,30
1061,5,0,0,2,,A
Clsn1: 1
 Clsn1[0] = 66,-30,103,30
Clsn2: 1
 Clsn2[0] = 66,-30,103,30
1061,6,0,0,2,,A
1061,7,0,0,2,,A
1061,8,0,0,2,,A
1061,9,0,0,2,,A
1061,10,0,0,2,,A
1061,11,0,0,2,,A

[Begin Action 1100]
Clsn2Default: 1
 Clsn2[0] = -14,-96,28,0
-1,0,0,0,15

[Begin Action 11100]
1100,0,0,0,1
1100,1,0,0,1
1100,2,0,0,1
1100,3,0,0,1
1100,4,0,0,1
1100,5,0,0,1,,A
1100,6,0,0,1,,A
1100,7,0,0,1,,A

[Begin Action 11101]
1100,7,0,0,1,,A
1100,5,0,0,1,,A
1100,3,0,0,1
1100,1,0,0,1

[Begin Action 1101]
-1,0,0,0,4
Clsn1: 1
 Clsn1[0] = 3,-101,46,-64
Clsn2: 1
 Clsn2[0] = -11,-109,21,-1
1050,2,0,0,2
Clsn2: 1
 Clsn2[0] = -11,-109,21,-1
1050,2,0,0,6
Clsn2: 1
 Clsn2[0] = -11,-109,21,-1
1050,0,0,0,6

[Begin Action 1102]
1101,0,0,0,6
1101,1,0,0,40
1101,2,0,0,60
1101,3,0,0,9
Clsn1: 1
 Clsn1[0] = 3,-101,46,-64
Clsn2: 1
 Clsn2[0] = -11,-109,21,-1
1050,2,0,0,8
Clsn2: 1
 Clsn2[0] = -11,-109,21,-1
1050,0,0,0,6

[Begin Action 1103]
1103,0,0,0,3,,A
1103,1,0,0,1,,A
1103,2,0,0,1,,A
1103,3,0,0,1,,A
1103,1,0,0,1,,A
1103,2,0,0,1,,A
1103,3,0,0,1,,A
1103,1,0,0,1,,A
1103,2,0,0,1,,A
1103,3,0,0,1,,A
1103,1,0,0,1,,A
1103,2,0,0,1,,A
1103,3,0,0,1,,A
1103,1,0,0,1,,A
1103,2,0,0,1,,A
1103,3,0,0,1,,A
1103,4,0,0,2,,A
1103,5,0,0,2,,A
1103,6,0,0,2,,A
1103,7,0,0,2,,A
1103,8,0,0,2,,A


[Begin Action 1115]
5002,0,0,0,46
5002,10,0,0,3
5002,20,0,0,-1


[Begin Action 1116]
5030,10,0,0,3

[Begin Action 1117]
5030,20,0,0,3
5030,30,0,0,5
5030,40,0,0,-1








;Wandering Spirit
[Begin Action 3000]
Clsn2default: 1
 Clsn2[0] = -22,-111,11,1
750,0,0,0,3
750,1,0,0,3
750,2,0,0,4
750,3,0,0,30

; Run forwards
[Begin Action 3002]
Clsn1Default: 2
 Clsn1[0] = -24,-44,17,-1
 Clsn1[1] = -4,-105,53,-44
Clsn2Default: 2
 Clsn2[0] = -24,-44,17,-1
 Clsn2[1] = -4,-105,53,-44
100,0,0,0,2
100,1,0,0,2
100,2,0,0,2
100,3,0,0,2

[Begin Action 3001]
Clsn2: 1
 Clsn2[0] = -17,-107,35,-2
3001,0,0,0,3
Clsn1: 1
 Clsn1[0] = 16,-105,51,-60
Clsn2: 1
 Clsn2[0] = -17,-107,35,-2
3001,1,0,0,4
Clsn1: 1
 Clsn1[0] = 1,-157,37,-31
Clsn2: 1
 Clsn2[0] = -9,-132,27,-9
3001,2,0,0,15
Clsn2: 1
 Clsn2[0] = -7,-121,22,-23
42,5,0,0,4
Clsn2: 2
 Clsn2[0] = -8,-108,20,-65
 Clsn2[1] = 14,-90,37,-37
42,4,0,0,4
Clsn2: 1
 Clsn2[0] = -11,-114,27,-67
42,3,0,0,4
Clsn2: 1
 Clsn2[0] = -11,-114,27,-67
42,2,0,0,4
Clsn2: 1
 Clsn2[0] = -18,-114,31,-72
42,1,0,0,4
Clsn2: 1
 Clsn2[0] = -8,-118,33,-40
42,0,0,0,3
Clsn2: 1
 Clsn2[0] = -5,-119,31,-26
41,1,0,0,3
Clsn2: 1
 Clsn2[0] = -9,-131,20,3
41,0,0,0,-1

[Begin Action 3003]
3003,0,0,0,1,,A
3003,1,0,0,1,,A
3003,2,0,0,1,,A
3003,3,0,0,1,,A
3003,4,0,0,1,,A
3003,5,0,0,1,,A
3003,6,0,0,1,,A
3003,7,0,0,1,,A
3003,8,0,0,1,,A
3003,9,0,0,1,,A
3003,10,0,0,1,,A


;Point of no return
[Begin Action 3100]
Clsn2default: 1
 Clsn2[0] = -22,-111,11,1
750,0,0,0,1
750,1,0,0,1
750,2,0,0,2
750,3,0,0,120
750,2,0,0,4
750,1,0,0,3
750,0,0,0,3


[Begin Action 3500]
3500,0,0,0,8
3500,1,0,0,42
loopstart
3500,2,0,0,3
3500,3,0,0,3

[Begin Action 3506]
182,0,0,0,4,,A
182,1,0,0,4,,A
182,2,0,0,4,,A
182,3,0,0,2,,A
182,4,0,0,2,,A
182,5,0,0,2,,A
loopstart
182,6,0,0,2,,A
182,7,0,0,2,,A


[Begin Action 35001]
3500,0,0,0,8

[Begin Action 3501]
3501,0,0,0,1,,A
3501,1,0,0,1,,A
3501,2,0,0,1,,A
3501,3,0,0,1,,A
3501,4,0,0,1,,A


[Begin Action 3503]
3503,0,0,0,1,,A
3503,2,0,0,1,,A
3503,1,0,0,1,,A
3503,3,0,0,1,,A
3503,0,0,0,1,H,A
3503,2,0,0,1,H,A
3503,1,0,0,1,H,A
3503,3,0,0,1,H,A
3503,0,0,0,1,V,A
3503,2,0,0,1,V,A
3503,1,0,0,1,V,A
3503,3,0,0,1,V,A

[Begin Action 3504]
3503,4,0,0,1,,A

[Begin Action 35002]
Clsn1: 1
 Clsn1[0] = -47,-168,45,1
3502,0,0,0,40,,A
-1,0,0,0,20

[Begin Action 35003]
Clsn1: 2
 Clsn1[0] = -73,-162,11,-51
 Clsn1[1] = -47,-75,27,3
3502,1,0,0,40,,A
-1,0,0,0,20

[Begin Action 35004]
Clsn1: 2
 Clsn1[0] = -105,-154,-23,-50
 Clsn1[1] = -68,-91,24,-1
3502,2,0,0,40,,A
-1,0,0,0,20

[Begin Action 35005]
Clsn1: 2
 Clsn1[0] = -80,-75,21,6
 Clsn1[1] = -132,-131,-41,-35
3502,3,0,0,40,,A
-1,0,0,0,20

[Begin Action 35006]
Clsn1: 1
 Clsn1[0] = -141,-93,-1,5
3502,4,0,0,40,,A
-1,0,0,0,20

[Begin Action 3602]
3602,0,0,0,-1,,A
;---------------------------
; Stand/Air Hit high (light)
[Begin Action 5000]
Clsn2: 2
 Clsn2[0] = -33,-58,23,-1
 Clsn2[1] = -38,-105,10,-58
5000,0,0,0,7
Clsn2: 2
 Clsn2[0] = -50,-100,-6,-62
 Clsn2[1] = -40,-62,16,-1
5000,10,0,0,3

;Stand/Air Hit high (medium)
[Begin Action 5001]
Clsn2: 2
 Clsn2[0] = -33,-58,23,-1
 Clsn2[1] = -38,-105,10,-58
5000,0,0,0,3
Clsn2: 2
 Clsn2[0] = -50,-100,-6,-62
 Clsn2[1] = -40,-62,16,-1
5000,10,0,0,3
Clsn2: 2
 Clsn2[0] = -43,-58,10,-1
 Clsn2[1] = -61,-108,-16,-58
5000,20,0,0,4

;Stand/Air Hit high (hard)
[Begin Action 5002]
Clsn2: 2
 Clsn2[0] = -50,-100,-6,-62
 Clsn2[1] = -40,-62,16,-1
5000,10,0,0,2
Clsn2: 2
 Clsn2[0] = -43,-58,10,-1
 Clsn2[1] = -61,-108,-16,-58
5000,20,0,0,2
Clsn2: 2
 Clsn2[0] = -43,-58,10,-1
 Clsn2[1] = -61,-108,-16,-58
5000,21,0,0,6

;---------------------------
;Stand Recover high (light)
[Begin Action 5005]
Clsn2: 2
 Clsn2[0] = -33,-58,23,-1
 Clsn2[1] = -38,-105,10,-58
5000,0,0,0,-1

;Stand Recover high (medium)
[Begin Action 5006]
Clsn2: 2
 Clsn2[0] = -50,-100,-6,-62
 Clsn2[1] = -40,-62,16,-1
5000,10,0,0,3
Clsn2: 2
 Clsn2[0] = -33,-58,23,-1
 Clsn2[1] = -38,-105,10,-58
5000,0,0,0,-1

;Stand Recover high (hard)
[Begin Action 5007]
Clsn2: 2
 Clsn2[0] = -43,-58,10,-1
 Clsn2[1] = -61,-108,-16,-58
5000,20,0,0,3
Clsn2: 2
 Clsn2[0] = -50,-100,-6,-62
 Clsn2[1] = -40,-62,16,-1
5000,10,0,0,2
Clsn2: 2
 Clsn2[0] = -33,-58,23,-1
 Clsn2[1] = -38,-105,10,-58
5000,0,0,0,-1

;---------------------------
;Stand/Air Hit low (light)
[Begin Action 5010]
Clsn2: 1
 Clsn2[0] = -23,-91,17,-2
5010,0,0,0,7
Clsn2: 1
 Clsn2[0] = -30,-79,10,-1
5010,10,0,0,3

;Stand/Air Hit low (medium)
[Begin Action 5011]
Clsn2: 1
 Clsn2[0] = -23,-91,17,-2
5010,0,0,0,3
Clsn2: 1
 Clsn2[0] = -30,-79,10,-1
5010,10,0,0,3
Clsn2: 1
 Clsn2[0] = -30,-79,10,-1
5010,20,0,0,4


;Stand/Air Hit low (hard)
[Begin Action 5012]
Clsn2: 1
 Clsn2[0] = -30,-79,10,-1
5010,10,0,0,2
Clsn2: 1
 Clsn2[0] = -30,-79,10,-1
5010,20,0,0,4
Clsn2: 1
 Clsn2[0] = -30,-64,14,1
5010,21,0,0,6

;---------------------------
;Stand Recover low (light)
[Begin Action 5015]
Clsn2: 1
 Clsn2[0] = -23,-91,17,-2
5010,0,0,0,-1

;Stand Recover low (medium)
[Begin Action 5016]
Clsn2: 1
 Clsn2[0] = -30,-79,10,-1
5010,10,0,0,3
Clsn2: 1
 Clsn2[0] = -23,-91,17,-2
5010,0,0,0,-1

;Stand Recover low (hard)
[Begin Action 5017]
Clsn2: 1
 Clsn2[0] = -30,-79,10,-1
5010,20,0,0,3
Clsn2: 1
 Clsn2[0] = -30,-79,10,-1
5010,10,0,0,2
Clsn2: 1
 Clsn2[0] = -23,-91,17,-2
5010,0,0,0,-1



;---------------------------
;Crouch Hit (light)
[Begin Action 5020]
Clsn2: 1
 Clsn2[0] = -25,-60,20,1
5020,0,0,0,7
Clsn2: 1
 Clsn2[0] = -25,-60,20,1
5020,10,0,0,3

;Crouch Hit (medium)
[Begin Action 5021]
Clsn2: 1
 Clsn2[0] = -25,-60,20,1
5020,0,0,0,3
Clsn2: 1
 Clsn2[0] = -25,-60,20,1
5020,10,0,0,3
Clsn2: 1
 Clsn2[0] = -37,-54,22,4
5020,20,0,0,4

;Crouch Hit (hard)
[Begin Action 5022]
Clsn2: 1
 Clsn2[0] = -25,-60,20,1
5020,10,0,0,3
Clsn2: 1
 Clsn2[0] = -37,-54,22,4
5020,20,0,0,3
Clsn2: 1
 Clsn2[0] = -45,-51,21,4
5020,21,0,0,4

;---------------------------
;Crouch Recover (light)
[Begin Action 5025]
Clsn2: 1
 Clsn2[0] = -25,-60,20,1
5020,0,0,0,-1

;Crouch Recover (medium)
[Begin Action 5026]
Clsn2: 1
 Clsn2[0] = -25,-60,20,1
5020,10,0,0,3
Clsn2: 1
 Clsn2[0] = -25,-60,20,1
5020,0,0,0,-1

;Crouch Recover (hard)
[Begin Action 5027]
Clsn2: 1
 Clsn2[0] = -37,-54,22,4
5020,20,0,0,3
Clsn2: 1
 Clsn2[0] = -25,-60,20,1
5020,10,0,0,2
Clsn2: 1
 Clsn2[0] = -25,-60,20,1
5020,0,0,0,-1



;---------------------------
;Stand/Air Hit back
[Begin Action 5030]
Clsn2: 2
 Clsn2[0] = -30,-90,9,-34
 Clsn2[1] = -10,-57,28,1
5030,0,0,0,10

;Stand/Air Hit transition
[Begin Action 5035]
Clsn2: 2
 Clsn2[0] = -10,-57,28,1
 Clsn2[1] = -41,-87,3,-46
5030,0,0,0,3

;---------------------------
;Air Recover
[Begin Action 5040]
Clsn2: 2
 Clsn2[0] = -8,-108,20,-65
 Clsn2[1] = 14,-90,37,-37
42,4,-11,32,4
Clsn2: 1
 Clsn2[0] = -11,-114,27,-67
42,3,0,29,4
Clsn2: 1
 Clsn2[0] = -11,-114,27,-67
42,2,0,25,4
Clsn2: 1
 Clsn2[0] = -18,-114,31,-72
42,1,0,22,4
Clsn2: 1
 Clsn2[0] = -8,-118,33,-40
42,0,0,0,3
Clsn2: 1
 Clsn2[0] = -5,-119,31,-26
41,1,0,0,3
Clsn2: 1
 Clsn2[0] = -9,-131,20,3
41,0,0,0,-1

;---------------------------
;Air Fall (going up)
[Begin Action 5050]
Clsn2: 1
 Clsn2[0] = -36,-83,46,-42
5030,10,0,0,-1

;;Air Fall (going down)
[Begin Action 5060]
Clsn2: 2
 Clsn2[0] = -44,-75,3,-36
 Clsn2[1] = -1,-94,54,-50
5030,40,0,0,5
Clsn2: 2
 Clsn2[0] = -45,-69,1,-28
 Clsn2[1] = -29,-103,47,-66
5030,50,0,0,-1

;---------------------------
;Air Fall (up-type, going up)
[Begin Action 5051]
Clsn2: 2
 Clsn2[0] = -30,-90,9,-34
 Clsn2[1] = -10,-57,28,1
5030,0,0,0,5
Clsn2: 1
 Clsn2[0] = -36,-83,46,-42
5030,10,0,0,-1

;---------------------------
;Air Fall (up-type, coming down)
[Begin Action 5061]
Clsn2: 1
 Clsn2[0] = -36,-83,46,-42
5030,30,0,0,3
Clsn2: 2
 Clsn2[0] = -44,-75,3,-36
 Clsn2[1] = -1,-94,54,-50
5030,40,0,0,3
Clsn2: 2
 Clsn2[0] = -45,-69,1,-28
 Clsn2[1] = -29,-103,47,-66
5030,50,0,0,3
Clsn2: 2
 Clsn2[0] = -45,-69,1,-28
 Clsn2[1] = -29,-103,47,-66
5060,10,0,0,-1

;---------------------------
;Tripped
[Begin Action 5070]
Clsn2: 1
 Clsn2[0] = -32,-90,34,-35
5060,11,0,0,4
Clsn2: 1
 Clsn2[0] = -36,-83,46,-42
5030,10,0,0,3
Clsn2: 2
 Clsn2[0] = -44,-75,3,-36
 Clsn2[1] = -1,-94,54,-50
5030,40,0,0,5
Clsn2: 2
 Clsn2[0] = -45,-69,1,-28
 Clsn2[1] = -29,-103,47,-66
5030,50,0,0,-1

;---------------------------
;LieDown Hit (stay down)
[Begin Action 5080]
Clsn2: 1
 Clsn2[0] = -52,-35,45,1
5040,0,0,0,4

;---------------------------
;LieDown Hit (hit up into air)
[Begin Action 5090]
Clsn2: 1
 Clsn2[0] = -52,-35,45,1
5040,0,0,0,4

;---------------------------
; Hit ground from fall
[Begin Action 5100]
Clsn2: 1
 Clsn2[0] = -52,-35,45,1
5040,20,0,0,3
Clsn2: 1
 Clsn2[0] = -52,-35,45,1
5040,0,0,0,4

; Bounce into air
[Begin Action 5160]
Clsn2: 1
 Clsn2[0] = -52,-35,45,1
5040,21,0,0,2

; Hit ground from bounce
[Begin Action 5170]
Clsn2: 1
 Clsn2[0] = -52,-35,45,1
5040,20,0,0,3
Clsn2: 1
 Clsn2[0] = -52,-35,45,1
5040,0,0,0,4

;---------------------------
; Hit ground from fall (up-type)
[Begin Action 5101]
Clsn2: 1
 Clsn2[0] = 3,-85,54,-6
5110,0,0,0,3
Clsn2: 1
 Clsn2[0] = -35,-32,52,-3
5110,1,0,0,4

[Begin Action 5102]
Clsn2: 1
 Clsn2[0] = 3,-85,54,-6
5110,0,0,0,3
Clsn2: 1
 Clsn2[0] = -35,-32,52,-3
5110,1,0,0,4

[Begin Action 5161]
Clsn2: 1
 Clsn2[0] = -35,-32,52,-3
5110,1,0,0,4

[Begin Action 5162]
Clsn2: 1
 Clsn2[0] = -35,-32,52,-3
5110,1,0,0,4

[Begin Action 5171]
Clsn2: 1
 Clsn2[0] = 3,-85,54,-6
5110,0,0,0,3
Clsn2: 1
 Clsn2[0] = -35,-32,52,-3
5110,1,0,0,4

[Begin Action 5172]
Clsn2: 1
 Clsn2[0] = 3,-85,54,-6
5110,0,0,0,3
Clsn2: 1
 Clsn2[0] = -35,-32,52,-3
5110,1,0,0,4

;---------------------------
; LieDown
[Begin Action 5110]
Clsn2: 1
 Clsn2[0] = -40,-23,49,3
5040,10,0,0,1

; Get up from LieDown
[Begin Action 5120]
Clsn2Default: 1
 Clsn2[0] = -40,-23,49,3
5120,0,0,0,3
5120,1,0,0,5
5120,2,0,0,3
5120,3,0,0,4
5120,4,0,0,4
Clsn2: 1
 Clsn2[0] = -12,-77,22,0
40,0,0,0,3

[Begin Action 5121]
Clsn2Default: 1
 Clsn2[0] = -40,-23,49,3
5121,0,0,0,3
5121,1,0,0,3
Clsn2: 1
 Clsn2[0] = -14,-89,23,1
10,0,0,0,3

[Begin Action 5122]
Clsn2Default: 1
 Clsn2[0] = -40,-23,49,3
5121,0,0,0,3
5121,1,0,0,3
Clsn2: 1
 Clsn2[0] = -14,-89,23,1
10,0,0,0,3

; LieDown (up-type)
[Begin Action 5111]
Clsn2: 1
 Clsn2[0] = -40,-23,49,3
5110,2,0,0,1

; LieDown (up-type)
[Begin Action 5112]
Clsn2: 1
 Clsn2[0] = -40,-23,49,3
5110,2,0,0,1

; Diag-Up animations
[Begin Action 5052]
Clsn2Default: 2
 Clsn2[0] = -40,-90,1,-58
 Clsn2[1] = -9,-66,41,-32
5050,0,0,0,2
5050,1,0,0,2
5050,2,0,0,2
5050,3,0,0,2

[Begin Action 5062]
Clsn2: 1
 Clsn2[0] = -36,-83,46,-42
5030,30,0,0,3
Clsn2: 2
 Clsn2[0] = -44,-75,3,-36
 Clsn2[1] = -1,-94,54,-50
5030,40,0,0,3
Clsn2: 2
 Clsn2[0] = -45,-69,1,-28
 Clsn2[1] = -29,-103,47,-66
5030,50,0,0,3
Clsn2: 2
 Clsn2[0] = -45,-69,1,-28
 Clsn2[1] = -29,-103,47,-66
5060,10,0,0,-1

;---------------------------
; Fall-recovery near ground
[Begin Action 5200]
Clsn2: 1
 Clsn2[0] = -11,-114,27,-67
42,2,0,22,4
Clsn2: 1
 Clsn2[0] = -18,-114,31,-72
42,1,0,22,4
Clsn2: 1
 Clsn2[0] = -8,-118,33,-40
42,0,0,0,3
Clsn2: 1
 Clsn2[0] = -5,-119,31,-26
41,1,0,0,3
Clsn2: 1
 Clsn2[0] = -9,-131,20,3
41,0,0,0,-1

;Fall-recovery in mid-air
[Begin Action 5210]
Clsn2: 2
 Clsn2[0] = -8,-108,20,-65
 Clsn2[1] = 14,-90,37,-37
42,4,-11,22,4
Clsn2: 1
 Clsn2[0] = -11,-114,27,-67
42,3,0,22,4
Clsn2: 1
 Clsn2[0] = -11,-114,27,-67
42,2,0,22,4
Clsn2: 1
 Clsn2[0] = -18,-114,31,-72
42,1,0,22,4
Clsn2: 1
 Clsn2[0] = -8,-118,33,-40
42,0,0,0,3
Clsn2: 1
 Clsn2[0] = -5,-119,31,-26
41,1,0,0,3
Clsn2: 1
 Clsn2[0] = -9,-131,20,3
41,0,0,0,-1

;---------------------------
; Dizzy
[Begin Action 5300]
Clsn2Default: 1
 Clsn2[0] = -14,-96,28,0
5300,0,0,0,30
5300,1,0,0,40






;Sparks
[Begin Action 7000]
7000,0,0,0,1,,A
7000,1,0,0,1,,A
7000,2,0,0,1,,A
7000,3,0,0,1,,A
7000,4,0,0,1,,A
7000,5,0,0,1,,A
7000,6,0,0,1,,A
7000,7,0,0,1,,A
7000,8,0,0,1,,A

[Begin Action 7001]
7001,0,0,0,1,,A
7001,1,0,0,1,,A
7001,2,0,0,1,,A
7001,3,0,0,1,,A
7001,4,0,0,1,,A
7001,5,0,0,1,,A
7001,6,0,0,1,,A
7001,7,0,0,1,,A
7001,8,0,0,1,,A
7001,9,0,0,1,,A

[Begin Action 70011]
7001,0,0,0,1,V,A
7001,1,0,0,1,V,A
7001,2,0,0,1,V,A
7001,3,0,0,1,V,A
7001,4,0,0,1,V,A
7001,5,0,0,1,V,A
7001,6,0,0,1,V,A
7001,7,0,0,1,V,A
7001,8,0,0,1,V,A
7001,9,0,0,1,V,A

[Begin Action 7002]
7002,0,0,0,1,,A
7002,1,0,0,1,,A
7002,2,0,0,1,,A
7002,3,0,0,1,,A
7002,4,0,0,1,,A
7002,5,0,0,1,,A
7002,6,0,0,1,,A
7002,7,0,0,1,,A
7002,8,0,0,1,,A

[Begin Action 70021]
7002,0,0,0,1,V,A
7002,1,0,0,1,V,A
7002,2,0,0,1,V,A
7002,3,0,0,1,V,A
7002,4,0,0,1,V,A
7002,5,0,0,1,V,A
7002,6,0,0,1,V,A
7002,7,0,0,1,V,A
7002,8,0,0,1,V,A

[Begin Action 7003]
7003,0,0,0,1,,A
7003,1,0,0,1,,A
7003,2,0,0,1,,A
7003,3,0,0,1,,A
7003,4,0,0,1,,A
7003,5,0,0,1,,A
7003,6,0,0,1,,A
7003,7,0,0,1,,A
7003,8,0,0,1,,A


[Begin Action 70031]
7003,0,0,0,1,V,A
7003,1,0,0,1,V,A
7003,2,0,0,1,V,A
7003,3,0,0,1,V,A
7003,4,0,0,1,V,A
7003,5,0,0,1,V,A
7003,6,0,0,1,V,A
7003,7,0,0,1,V,A
7003,8,0,0,1,V,A

[Begin Action 7010]
7010,0,0,0,2,,A
7010,1,0,0,2,,A
7010,2,0,0,1,,A
7010,3,0,0,1,,A
7010,4,0,0,1,,A
7010,5,0,0,1,,A
7010,6,0,0,1,,A
7010,7,0,0,1,,A
7010,8,0,0,1,,A
7010,9,0,0,1,,A
7010,10,0,0,1,,A

;KOF2K Super Effects 
[Begin Action 7100]
-1,0,0,0,10
7100,0,0,0,2,A1
7100,1,0,0,2,A1
7100,2,0,0,2,A1
7100,3,0,0,2,A1
7100,4,0,0,2,A1
7100,5,0,0,2,A1
7100,6,0,0,2,A1
7100,7,0,0,3,A1

[Begin Action 7100]
-1,0,0,0,10
7100,0,0,0,2,A1
7100,1,0,0,2,A1
7100,2,0,0,2,A1
7100,3,0,0,2,A1
7100,4,0,0,2,A1
7100,5,0,0,2,A1
7100,6,0,0,2,A1
7100,7,0,0,3,A1

[Begin Action 7101]
7101,0,0,0,1,,a
7101,0,0,0,1,HV,a
7101,1,0,0,1,,a
7101,1,0,0,1,HV,a
7101,2,0,0,1,,a
7101,2,0,-20,1,HV,a
7101,3,0,0,1,,a
7101,3,0,-20,1,HV,a
7101,4,0,0,1,,a
7101,4,0,-20,1,HV,a
7101,5,0,0,1,,a
7101,5,0,-20,1,HV,a
7101,6,0,0,1,,a
7101,6,0,-20,2,HV,a

[Begin Action 70101]
7010,8,0,0,2,,A
7010,7,0,0,2,,A
7010,6,0,0,2,,A
7010,5,0,0,2,,A
7010,4,0,0,2,,A
7010,3,0,0,2,,A
7010,2,0,0,2,,A
7010,1,0,0,2,,A
7010,0,0,0,-1,,A

[Begin Action 7201]
7201,0,0,0,1,,A
7201,1,0,0,1,,A
7201,2,0,0,1,,A
7201,3,0,0,1,,A
7201,4,0,0,1,,A
7201,5,0,0,1,,A
7201,6,0,0,1,,A
7201,7,0,0,1,,A
7201,8,0,0,1,,A
7201,9,0,0,1,,A
7201,10,0,0,1,,A
7201,11,0,0,1,,A
7201,12,0,0,1,,A

[Begin Action 8888]
-1,0,0,0,1

[Begin Action 8889]
Clsn1: 1
 Clsn1[0] = -20,-24,19,21
-1,0,0,0,1


;--------------------
;Midnight Bliss transform (Stand)
[Begin Action 12000]
12000, 0, 0, 0, -1

;--------------------
;Midnight Bliss transform (Grab and Drain)
[Begin Action 12001]
12000, 1, 0, 0, 18
12000, 2, 0, 0, 8
12000, 3, 0, 0, 8
12000, 4, 0, 0, 27
12000, 5, 0, 0, 27

[Begin Action 12002]
12000, 1, 3, 140, 18
12000, 2, 3, 140, 8
12000, 3, 3, 140, 8
12000, 4, 3, 140, 27
12000, 5, 3, 140, 27

;Midnight Bliss - Bad Darkness Code
[Begin Action 9020]
12000, 0, 0,0, 1
12000, 1, 0,134, 1
12000, 2, 0,134, 1
12000, 3, 0,134, 1
12000, 4, 0,134, 1
12000, 5, 0,134, 1


;AI anims
[Begin Action 9741]
-1,0,0,0,-1

[Begin Action 74140108]
-1,0,0,0,-1

[Begin Action 9500]
9500,0,0,0,-1

[Begin Action 9501]
9500,1,0,0,-1

[Begin Action 9502]
9500,2,0,0,-1,,S

[Begin Action 9503]
9503,0,0,0,-1

[Begin Action 9504]
9503,1,0,0,-1

[Begin Action 9505]
9503,2,0,0,-1

[Begin Action 9506]
9503,3,0,0,-1

[Begin Action 9507]
9503,4,0,0,-1
;-------------------
;MEE Template Files
;   provided by
;  Kitsune Sniper
;       ***
; Thanks, Kitsune!
;-------------------

