; Template Animation Data.
; see docs/air.txt for more information

;---------------------------------------------------------------------------
; Standing Animation
[Begin Action 0]
Clsn2default: 2
 Clsn2[0] = -33,-43,37,-1
 Clsn2[1] = -13,-96,20,-40
0,0, 0,0, 17
0,1, 0,0, 8
0,2, 0,0, 7
0,3, 0,0, 7
0,4, 0,0, 5
0,5, 0,0, 5
0,6, 0,0, 5
0,7, 0,0, 5
0,8, 0,0, 7
0,8, 0,0, 7
0,7, 0,0, 5
0,6, 0,0, 5
0,5, 0,0, 5
0,4, 0,0, 7
0,3, 0,0, 7
0,2, 0,0, 7
0,1, 0,0, 6
0,0, 0,0, 6
0,1, 0,0, 9

; Turning
[Begin Action 5]
Clsn2default: 1
 Clsn2[0] = -29,-95,24,-2
5,0,0,0,3,H
5,0,0,0,3

; Crouch Turning
[Begin Action 6]
Clsn2default: 1
 Clsn2[0] = -22,-53,21,-1
6,0,0,0,3,H
6,0,0,0,3

; Stand to crouch
[Begin Action 10]
Clsn2default: 1
 Clsn2[0] = -23,-79,26,1
10,0,0,0,4
10,1,0,0,4

; Crouching animation
[Begin Action 11]
Clsn2default: 1
 Clsn2[0] = -25,-60,30,3
11,0,0,0,30
11,1,0,0,10
11,2,0,0,10
11,1,0,0,10
11,0,0,0,60
11,1,0,0,15
11,2,0,0,15
11,1,0,0,15

; Crouch to Stand
[Begin Action 12]
Clsn2default: 1
 Clsn2[0] = -27,-76,34,-1
10,1,0,0,4
10,0,0,0,4

; Walking Forward
[Begin Action 20]
Clsn2default: 1
 Clsn2[0] = -24,-103,25,1
20,0,0,0,6
20,1,0,0,6
20,2,0,0,6
20,3,0,0,6
20,4,0,0,6

; Walking Back
[Begin Action 21]
Clsn2default: 1
 Clsn2[0] = -24,-103,25,1
20,4,0,0,6
20,3,0,0,6
20,2,0,0,6
20,1,0,0,6
20,0,0,0,6

; Jump start frame
[Begin Action 40]
Clsn2: 1
 Clsn2[0] = -27,-89,26,1
40,0,0,0,3

; Starting Jumping up
[Begin Action 41]
Clsn2: 1
 Clsn2[0] = -18,-95,24,-9
41,0,0,0,4
Clsn2: 1
 Clsn2[0] = -18,-95,24,-9
41,1,0,0,4
Clsn2: 1
 Clsn2[0] = -24,-93,22,-29
41,2,0,0,3
Clsn2: 1
 Clsn2[0] = -21,-98,28,-36
41,3,0,0,3
Clsn2: 1
 Clsn2[0] = -21,-98,28,-36
41,4,0,0,-1

[Begin Action 900]
Clsn2: 1
 Clsn2[0] = -18,-95,24,-9
41,0,0,0,2
Clsn2: 1
 Clsn2[0] = -18,-95,24,-9
41,1,0,0,2
Clsn2: 1
 Clsn2[0] = -24,-93,22,-29
41,2,0,0,3
Clsn2: 1
 Clsn2[0] = -21,-98,28,-36
41,3,0,0,3
Clsn2: 1
 Clsn2[0] = -21,-98,28,-36
41,4,0,0,3
Clsn2: 1
 Clsn2[0] = -21,-98,28,-36
41,4,0,0,3
Clsn2: 1
 Clsn2[0] = -21,-98,28,-36
41,3,0,0,4
Clsn2: 1
 Clsn2[0] = -24,-93,22,-29
41,2,0,0,4
Clsn2: 1
 Clsn2[0] = -18,-95,24,-9
41,1,0,0,4
Clsn2: 1
 Clsn2[0] = -18,-95,24,-9
41,0,0,0,-1


; Starting Jumping forwards
[Begin Action 42]
Clsn2: 1
 Clsn2[0] = -18,-95,24,-9
41,0,0,0,4
Clsn2: 1
 Clsn2[0] = -18,-95,24,-9
41,1,0,0,4
Clsn2: 1
 Clsn2[0] = -24,-93,22,-29
41,2,0,0,3
Clsn2: 1
 Clsn2[0] = -21,-98,28,-36
41,3,0,0,3
Clsn2: 1
 Clsn2[0] = -21,-98,28,-36
41,4,0,0,-1

; Starting Jumping backwards
[Begin Action 43]
Clsn2: 1
 Clsn2[0] = -18,-95,24,-9
41,0,0,0,4
Clsn2: 1
 Clsn2[0] = -18,-95,24,-9
41,1,0,0,4
Clsn2: 1
 Clsn2[0] = -24,-93,22,-29
41,2,0,0,3
Clsn2: 1
 Clsn2[0] = -21,-98,28,-36
41,3,0,0,3
Clsn2: 1
 Clsn2[0] = -21,-98,28,-36
41,4,0,0,-1

; Peak and coming down from Jumping up
[Begin Action 44]
Clsn2: 1
 Clsn2[0] = -21,-98,28,-36
41,4,0,0,3
Clsn2: 1
 Clsn2[0] = -21,-98,28,-36
41,3,0,0,4
Clsn2: 1
 Clsn2[0] = -24,-93,22,-29
41,2,0,0,4
Clsn2: 1
 Clsn2[0] = -18,-95,24,-9
41,1,0,0,4
Clsn2: 1
 Clsn2[0] = -18,-95,24,-9
41,0,0,0,-1

; Peak and coming down from Jumping forwards
[Begin Action 45]
Clsn2: 1
 Clsn2[0] = -21,-98,28,-36
41,4,0,0,3
Clsn2: 1
 Clsn2[0] = -21,-98,28,-36
41,3,0,0,4
Clsn2: 1
 Clsn2[0] = -24,-93,22,-29
41,2,0,0,4
Clsn2: 1
 Clsn2[0] = -18,-95,24,-9
41,1,0,0,4
Clsn2: 1
 Clsn2[0] = -18,-95,24,-9
41,0,0,0,-1


; Peak and coming down from Jumping backwards
[Begin Action 46]
Clsn2: 1
 Clsn2[0] = -21,-98,28,-36
41,4,0,0,3
Clsn2: 1
 Clsn2[0] = -21,-98,28,-36
41,3,0,0,4
Clsn2: 1
 Clsn2[0] = -24,-93,22,-29
41,2,0,0,4
Clsn2: 1
 Clsn2[0] = -18,-95,24,-9
41,1,0,0,4
Clsn2: 1
 Clsn2[0] = -18,-95,24,-9
41,0,0,0,-1

; Jump land animation
[Begin Action 47]
Clsn2: 1
 Clsn2[0] = -25,-90,27,-2
40,0,0,0,3

; Run forwards
[Begin Action 100]
Clsn2default: 2
 Clsn2[0] = -22,-79,33,-31
 Clsn2[1] = -63,-43,11,-2
100,0,0,0,4
100,1,0,0,4
100,2,0,0,4
100,3,0,0,4
100,4,0,0,4
100,5,0,0,4

; Hop backwards
[Begin Action 105]
Clsn2default: 2
 Clsn2[0] = -19,-102,14,-58
 Clsn2[1] = -17,-57,25,0
105,0,0,0,7
105,1,0,0,-1

[Begin Action 106]
Clsn2default: 2
 Clsn2[0] = -19,-102,14,-58
 Clsn2[1] = -17,-57,25,0
105,2,0,0,2
105,3,0,0,2
;---------------------------
; Lose
[Begin Action 170]
5300,0,0,0,8
5300,1,0,0,8
5300,2,0,0,8

;---------------------------
; Win
[Begin Action 181]
235,4,0,0,3
181,0,0,0,9
181,1,0,0,10
181,2,0,0,15
181,3,0,0,7
181,4,0,0,7
181,5,0,0,7
181,6,0,0,15
181,7,0,0,8
181,8,0,0,8
181,9,0,0,8
181,10,0,0,8
181,11,0,0,8
181,12,0,0,8
181,13,0,0,35
181,14,0,0,9
181,15,0,0,9
181,16,0,0,-1

[Begin Action 1812]
181,17,0,0,2,,A
181,18,0,0,4,,A
181,19,0,0,4,,A
181,20,0,0,4,,A
181,21,0,0,4,,A
181,22,0,0,4,,A
181,23,0,0,4,,A
181,24,0,0,3,,A
181,25,0,0,3,,A
181,26,0,0,2,,A
181,27,0,0,2,,A
181,28,0,0,2,,A
181,29,0,0,2,,A
181,30,0,0,2,,A

[Begin Action 182]
182,0,0,0,7
182,1,0,0,7
182,2,0,0,7
182,3,0,0,90
182,4,0,0,5
182,5,0,0,5
182,6,0,0,4
182,7,0,0,4
182,8,0,0,4
182,9,0,0,4
182,10,0,0,5
182,11,0,0,5
182,12,0,0,5
182,13,0,0,-1

[Begin Action 183]
182,0,0,0,7
182,1,0,0,7
182,2,0,0,7
182,3,0,0,90
183,0,0,0,6
183,1,0,0,6
183,2,0,0,6
183,3,0,0,3
183,4,0,0,3
183,5,0,0,2
183,6,0,0,2
183,7,0,0,2
183,8,0,0,2
183,9,0,0,2
183,10,0,0,2
183,11,0,0,2
183,12,0,0,2
183,13,0,0,2
183,14,0,0,2
183,15,0,0,2
183,16,0,0,2
183,17,0,0,2
183,18,0,0,2
183,19,0,0,2
loopstart
183,20,0,0,4
183,21,0,0,4
183,22,0,0,4
183,25,0,0,4
183,24,0,0,4
183,23,0,0,4


;-----------------------------------
; INTRO
[Begin Action 191]
191,0,0,0,60
191,1,0,0,6
191,2,0,0,6
191,3,0,0,6
191,4,0,0,6
191,5,0,0,6
191,6,0,0,6
191,7,0,0,6
191,8,0,0,120
235,4,0,0,4
235,0,0,0,4

[Begin Action 1911]
191,9,0,0,-1

[Begin Action 1912]
191,10,0,0,6
191,11,0,0,6
191,12,0,0,6
191,13,0,0,6
191,14,0,0,6
191,15,0,0,6
191,16,0,0,6
191,17,0,0,6

[Begin Action 193]
193,1,0,0,150
193,0,0,0,7
193,1,0,0,7
193,0,0,0,7
193,1,0,0,30
193,2,0,0,7
193,3,0,0,7
193,2,0,0,7
193,3,0,0,7
193,2,0,0,7
193,3,0,0,7
193,2,0,0,7
193,3,0,0,7
193,2,0,0,7
193,3,0,0,7
193,2,0,0,7
193,3,0,0,7
193,4,0,0,5
193,5,0,0,5
193,6,0,0,2
193,7,0,0,5
200,7,0,0,5

;---------------------------
; Taunt
[Begin Action 195]
Clsn2default: 2
 Clsn2[0] = -33,-43,37,-1
 Clsn2[1] = -13,-96,20,-40
5,0,0,0,6
195,0,0,0,8
195,1,0,0,8
195,2,0,0,10
195,0,0,0,8
195,3,0,0,8
195,4,0,0,8
195,5,0,0,10
195,3,0,0,8
5,0,0,0,6

[Begin Action 120]
Clsn2: 1
 Clsn2[0] = -36,-95,12,0
120, 0, 0, 0, 2
Clsn2: 1
 Clsn2[0] = -41,-83,19,1
120, 1, 0, 0, 2

[Begin Action 121]
Clsn2: 2
 Clsn2[0] = -17,-56, 16,  0
 Clsn2[1] =  -9,-64,  3,-56
121, 0, 0, 0, 1
Clsn2: 2
 Clsn2[0] = -17,-56, 16,  0
 Clsn2[1] =  -9,-64,  3,-56
121, 1, 0, 0, 1

[Begin Action 122]
Clsn2: 1
 Clsn2[0] = -9,-101,15,-24
122, 0, 0, 0, 1

[Begin Action 130]
Clsn2: 1
 Clsn2[0] = -41,-83,19,1
120, 2, 0, 0, -1

[Begin Action 131]
Clsn2: 2
 Clsn2[0] = -17,-56, 16,  0
 Clsn2[1] =  -9,-64,  3,-56
121, 2, 0, 0, -1

[Begin Action 132]
Clsn2: 1
 Clsn2[0] = -9,-101,15,-24
122, 0, 0, 0, -1

[Begin Action 140]
Clsn2: 1
 Clsn2[0] = -41,-83,19,1
120, 1, 0, 0, 4
Clsn2: 1
 Clsn2[0] = -41,-83,19,1
120, 0, 0, 0, 4

[Begin Action 141]
Clsn2: 2
 Clsn2[0] = -17,-56, 16,  0
 Clsn2[1] =  -9,-64,  3,-56
121, 1, 0, 0, 1
Clsn2: 2
 Clsn2[0] = -17,-56, 16,  0
 Clsn2[1] =  -9,-64,  3,-56
121, 0, 0, 0, 1

[Begin Action 142]
Clsn2: 1
 Clsn2[0] = -9,-101,15,-24
122, 0, 0, 0, 1

[Begin Action 150]
Clsn2: 1
 Clsn2[0] = -41,-83,19,1
120, 2, 0, 0, -1

[Begin Action 151]
Clsn2: 2
 Clsn2[0] = -17,-56, 16,  0
 Clsn2[1] =  -9,-64,  3,-56
121, 2, 0, 0, 7

[Begin Action 152]
Clsn2: 1
 Clsn2[0] = -9,-101,15,-24
122, 0, 0, 0, -1






;ATTACKS

[Begin Action 200]
Clsn2default: 1
 Clsn2[0] = -12,-96,29,-1
200,0,0,0,1
200,1,0,0,2
200,2,0,0,2
200,3,0,0,2
Clsn2: 3
 Clsn2[0] = -30,-46,33,2
 Clsn2[1] = 3,-94,37,-46
 Clsn2[2] = 36,-81,77,-70
200,4,0,0,1
Clsn1: 1
 Clsn1[0] = 27,-83,78,-67
Clsn2: 3
 Clsn2[0] = -30,-46,33,2
 Clsn2[1] = 3,-94,37,-46
 Clsn2[2] = 36,-81,77,-70
200,4,0,0,1
Clsn2: 3
 Clsn2[0] = -31,-42,31,3
 Clsn2[1] = -5,-90,33,-40
 Clsn2[2] = 30,-81,72,-69
200,5,0,0,3
Clsn2default: 1
 Clsn2[0] = -12,-95,33,3
200,6,0,0,3
200,7,0,0,3

[Begin Action 205]
Clsn2default: 1
 Clsn2[0] = -11,-91,31,1
205,0,0,0,3
205,1,0,0,2
205,2,0,0,1
Clsn1: 1
 Clsn1[0] = 16,-84,57,-61
205,2,0,0,2
205,3,0,0,3
205,4,0,0,3
205,5,0,0,3


[Begin Action 210]
Clsn2default: 1
 Clsn2[0] = -20,-97,30,1
210,0,0,0,5
210,1,0,0,3
210,2,0,0,2
Clsn2: 2
 Clsn2[0] = -23,-49,40,2
 Clsn2[1] = 0,-90,46,-50
210,3,0,0,2
Clsn2default: 2
 Clsn2[0] = -6,-94,33,2
 Clsn2[1] = 21,-89,66,-67
210,4,0,0,1
Clsn1: 1
 Clsn1[0] = 10,-89,63,-63
210,4,0,0,2
Clsn2: 1
 Clsn2[0] = -17,-91,21,1
210,5,0,0,3
Clsn2: 1
 Clsn2[0] = -17,-74,20,-1
210,6,0,0,9
Clsn2default: 1
 Clsn2[0] = -24,-93,28,-2
210,7,0,0,7
210,8,0,0,6

[Begin Action 215]
Clsn2default: 1
 Clsn2[0] = -16,-99,25,0
215,0,0,0,5
Clsn2default: 3
 Clsn2[0] = -5,-76,39,2
 Clsn2[1] = 40,-69,62,-48
 Clsn2[2] = -31,-39,8,1
215,1,0,0,1
Clsn1: 1
 Clsn1[0] = 20,-75,63,-46
215,1,0,0,2
215,2,0,0,9
Clsn2: 1
 Clsn2[0] = -13,-88,30,0
215,3,0,0,5


[Begin Action 220]
Clsn2: 1
 Clsn2[0] = -15,-108,23,-2
220,0,0,0,4
Clsn2: 1
 Clsn2[0] = -13,-99,28,1
220,1,0,0,3
Clsn2: 3
 Clsn2[0] = -8,-106,23,-36
 Clsn2[1] = 15,-44,35,3
 Clsn2[2] = 19,-91,64,-67
220,2,0,0,1
Clsn1: 1
 Clsn1[0] = 8,-100,64,-29
Clsn2: 3
 Clsn2[0] = -8,-106,23,-36
 Clsn2[1] = 15,-44,35,3
 Clsn2[2] = 19,-91,64,-67
220,2,0,0,3
Clsn2: 3
 Clsn2[0] = -8,-106,23,-36
 Clsn2[1] = 15,-44,35,3
 Clsn2[2] = 19,-91,64,-67
220,3,0,0,4
Clsn2: 1
 Clsn2[0] = -11,-97,36,-13
220,4,0,0,4
Clsn2: 1
 Clsn2[0] = -22,-90,24,0
40,0,0,0,4

[Begin Action 230]
Clsn2: 1
 Clsn2[0] = -9,-102,34,-1
230,0,0,0,3
Clsn2: 1
 Clsn2[0] = -4,-105,23,1
230,1,0,0,3
Clsn2default: 2
 Clsn2[0] = -21,-99,21,1
 Clsn2[1] = 20,-55,67,-22
230,2,0,0,2
230,3,0,0,1
Clsn1: 1
 Clsn1[0] = 9,-59,71,-21
230,3,0,0,3
Clsn2: 1
 Clsn2[0] = -5,-104,30,0
230,4,0,0,3
Clsn2: 1
 Clsn2[0] = -5,-104,30,0
230,0,0,0,3

[Begin Action 235]
Clsn2: 1
 Clsn2[0] = -24,-97,13,3
235,0,0,0,2
Clsn2: 1
 Clsn2[0] = -21,-92,36,1
235,1,0,0,3
Clsn2: 1
 Clsn2[0] = -23,-104,12,1
235,2,0,0,1
Clsn1: 1
 Clsn1[0] = -13,-63,44,-2
Clsn2: 1
 Clsn2[0] = -23,-104,12,1
235,2,0,0,3
Clsn2: 1
 Clsn2[0] = -24,-104,3,0
235,3,0,0,3
Clsn2: 1
 Clsn2[0] = -24,-104,3,0
235,4,0,0,3

[Begin Action 240]
Clsn2: 1
 Clsn2[0] = -8,-104,30,0
240,0,0,0,3
Clsn2: 1
 Clsn2[0] = -12,-109,18,0
240,1,0,0,2
Clsn2: 1
 Clsn2[0] = -1,-104,33,3
240,2,0,0,2
Clsn2: 3
 Clsn2[0] = -26,-108,10,1
 Clsn2[1] = 7,-98,34,-69
 Clsn2[2] = 30,-105,75,-86
240,3,0,0,1
Clsn1: 1
 Clsn1[0] = 6,-109,76,-76
Clsn2: 3
 Clsn2[0] = -26,-108,10,1
 Clsn2[1] = 7,-98,34,-69
 Clsn2[2] = 30,-105,75,-86
240,3,0,0,2
Clsn2: 2
 Clsn2[0] = -22,-107,12,-1
 Clsn2[1] = 9,-110,47,-77
240,4,0,0,4
Clsn2: 1
 Clsn2[0] = -20,-106,23,2
240,5,0,0,5
Clsn2: 1
 Clsn2[0] = -15,-103,28,-2
240,6,0,0,5

[Begin Action 250]
Clsn2: 1
 Clsn2[0] = -20,-83,23,-2
250,0,0,0,7
Clsn2: 1
 Clsn2[0] = -20,-83,23,-2
250,1,0,0,5
Clsn2: 1
 Clsn2[0] = -21,-94,22,-2
250,2,0,0,3
Clsn2: 3
 Clsn2[0] = -21,-46,38,-1
 Clsn2[1] = 5,-84,42,-45
 Clsn2[2] = 38,-81,80,-64
250,3,0,0,1
Clsn1: 1
 Clsn1[0] = 18,-82,80,-60
 Clsn2: 3
 Clsn2[0] = -21,-46,38,-1
 Clsn2[1] = 5,-84,42,-45
 Clsn2[2] = 38,-81,80,-64
250,3,0,0,2
Clsn2: 2
 Clsn2[0] = -4,-81,40,-1
 Clsn2[1] = 32,-82,75,-62
250,4,0,0,4
Clsn2: 1
 Clsn2[0] = -15,-87,39,0
250,5,0,0,4
Clsn2: 1
 Clsn2[0] = -15,-87,39,0
200,7,0,0,4

[Begin Action 245]
Clsn2: 1
 Clsn2[0] = 20,-104,50,1
245,0,0,0,2
Clsn2: 1
 Clsn2[0] = 1,-102,53,3
245,1,0,0,2
Clsn2default: 2
 Clsn2[0] = -29,-106,12,3
 Clsn2[1] = 10,-93,54,-60
245,2,0,0,1
245,3,0,0,1
245,4,0,0,1
Clsn2: 2
 Clsn2[0] = -43,-92,7,2
 Clsn2[1] = 63,-63,-10,-75
245,5,0,0,2
245,6,0,0,1
Clsn1: 1
 Clsn1[0] = -11,-83,68,-54
Clsn2: 2
 Clsn2[0] = -44,-93,2,1
 Clsn2[1] = -3,-75,67,-57
245,6,0,0,3
Clsn2: 2
 Clsn2[0] = -32,-96,17,2
 Clsn2[1] = 13,-61,63,-41
245,7,0,0,7
Clsn2: 1
 Clsn2[0] = -27,-100,20,1
245,8,0,0,7
Clsn2: 1
 Clsn2[0] = 20,-101,44,2
245,0,0,0,7


[Begin Action 400]
Clsn2: 1
 Clsn2[0] = -29,-65,32,2
400,0,0,0,4
Clsn2: 3
 Clsn2[0] = -15,-71,31,2
 Clsn2[1] = -34,-32,-13,2
 Clsn2[2] = 23,-54,67,-44
400,1,0,0,1
Clsn1: 1
 Clsn1[0] = 66,-42,18,-57
Clsn2: 3
 Clsn2[0] = -15,-71,31,2
 Clsn2[1] = -34,-32,-13,2
 Clsn2[2] = 23,-54,67,-44
400,1,0,0,3
400,2,0,0,3
Clsn2: 1
 Clsn2[0] = -28,-62,31,1
400,3,0,0,2

[Begin Action 410]
Clsn2: 1
 Clsn2[0] = 21,1,-26,-48
410,0,0,0,5
Clsn2: 1
 Clsn2[0] = 36,4,-10,-58
410,1,0,0,3
Clsn2: 1
 Clsn2[0] = -2,-85,37,1
410,2,0,0,2
Clsn2: 2
 Clsn2[0] = -6,-104,31,-2
 Clsn2[1] = 15,-140,39,-71
410,3,0,0,1
Clsn1: 1
 Clsn1[0] = 18,-145,39,-69
Clsn2: 2
 Clsn2[0] = -6,-104,31,-2
 Clsn2[1] = 15,-140,39,-71
410,3,0,0,2
Clsn2: 2
 Clsn2[0] = -7,-110,29,-5
 Clsn2[1] = 11,-133,37,-70
410,4,0,0,2
Clsn2: 2
 Clsn2[0] = -12,-93,32,4
 Clsn2[1] = 12,-129,37,-80
410,5,0,0,2
Clsn2: 2
 Clsn2[0] = -11,-96,30,0
 Clsn2[1] = 7,-132,35,-81
410,5,0,0,2
Clsn2: 1
 Clsn2[0] = -4,-101,32,-2
410,6,0,0,4
Clsn2: 1
 Clsn2[0] = -11,-110,18,-3
410,7,0,0,4
Clsn2default: 1
 Clsn2[0] = -23,-79,26,1
10,0,0,0,4
10,1,0,0,4


[Begin Action 430]
Clsn2: 1
 Clsn2[0] = -31,-52,13,0
430,0,0,0,4
Clsn2: 2
 Clsn2[0] = -36,-46,8,1
 Clsn2[1] = 4,-25,66,0
430,1,0,0,2
Clsn2: 2
 Clsn2[0] = -36,-46,8,1
 Clsn2[1] = 4,-25,66,0
430,2,0,0,1
Clsn1: 1
 Clsn1[0] = 1,-30,62,0
Clsn2: 2
 Clsn2[0] = -36,-46,8,1
 Clsn2[1] = -2,-24,57,0
430,2,0,0,3
Clsn2: 1
 Clsn2[0] = 19,2,-29,-58
430,0,0,0,4

[Begin Action 440]
Clsn2: 1
 Clsn2[0] = -39,-61,20,2
440,0,0,0,2
Clsn2: 1
 Clsn2[0] = -21,-69,14,4
440,1,0,0,4
Clsn2: 1
 Clsn2[0] = -21,-69,14,4
440,2,0,0,5
Clsn2: 2
 Clsn2[0] = -47,-61,2,2
 Clsn2[1] = -13,-33,59,-18
440,3,0,0,1
Clsn1: 1
 Clsn1[0] = -21,-41,60,-16
Clsn2: 2
 Clsn2[0] = -47,-61,2,2
 Clsn2[1] = -13,-33,59,-18
440,3,0,0,3
Clsn2: 2
 Clsn2[0] = -48,-63,-5,3
 Clsn2[1] = -4,-20,59,1
440,4,0,0,5
Clsn2: 1
 Clsn2[0] = -25,-56,28,0
440,5,0,0,7


[begin Action 600]
Clsn2default: 1
 Clsn2[0] = 12,-33,-19,-105
600,0,0,0,3
600,1,0,0,1
Clsn1: 1
 Clsn1[0] = 0,-76,34,-51
600,1,0,0,4
600,0,0,0,3
Clsn2: 1
 Clsn2[0] = -24,-93,22,-29
41,2,0,0,4
Clsn2: 1
 Clsn2[0] = -18,-95,24,-9
41,1,0,0,4
Clsn2: 1
 Clsn2[0] = -18,-95,24,-9
41,0,0,0,-1

[begin Action 610]
Clsn2: 1
 Clsn2[0] = -26,-99,12,-37
610,0,0,0,3
Clsn2: 1
 Clsn2[0] = -26,-99,12,-37
610,1,0,0,3
Clsn2: 1
 Clsn2[0] = -18,-96,33,-38
610,2,0,0,1
Clsn1: 1
 Clsn1[0] = -2,-72,43,-31
Clsn2: 1
 Clsn2[0] = -18,-96,33,-38
610,2,0,0,5
Clsn2: 1
 Clsn2[0] = -23,-97,25,-36
610,3,0,0,5
Clsn2: 1
 Clsn2[0] = -24,-93,22,-29
41,2,0,0,4
Clsn2: 1
 Clsn2[0] = -18,-95,24,-9
41,1,0,0,4
Clsn2: 1
 Clsn2[0] = -18,-95,24,-9
41,0,0,0,-1

[begin Action 630]
Clsn2: 1
 Clsn2[0] = -18,-97,17,-21
630,0,0,0,4
Clsn2: 3
 Clsn2[0] = -17,-93,27,-44
 Clsn2[1] = 16,-61,61,-36
 Clsn2[2] = 49,-48,84,-26
630,1,0,0,1
Clsn1: 1
 Clsn1[0] = 17,-67,81,-22
Clsn2: 3
 Clsn2[0] = -17,-93,27,-44
 Clsn2[1] = 16,-61,61,-36
 Clsn2[2] = 49,-48,84,-26
630,1,0,0,3
Clsn2: 2
 Clsn2[0] = -16,-87,22,-40
 Clsn2[1] = 11,-65,70,-39
630,2,0,0,4
Clsn2: 1
 Clsn2[0] = -18,-97,17,-21
630,0,0,0,4
Clsn2: 1
 Clsn2[0] = -24,-93,22,-29
41,2,0,0,4
Clsn2: 1
 Clsn2[0] = -18,-95,24,-9
41,1,0,0,4
Clsn2: 1
 Clsn2[0] = -18,-95,24,-9
41,0,0,0,-1

[begin Action 640]
Clsn2default: 1
 Clsn2[0] = -22,-96,24,-42
640,0,0,0,4
640,1,0,0,3
640,2,0,0,2
Clsn2: 2
 Clsn2[0] = 21,-57,58,-25
 Clsn2[1] = -17,-94,29,-46
640,3,0,0,1
Clsn1: 1
 Clsn1[0] = 12,-62,58,-23
Clsn2Default: 2
 Clsn2[0] = 21,-57,58,-25
 Clsn2[1] = -17,-94,29,-46
640,3,0,0,1
Clsn1: 1
 Clsn1[0] = 12,-62,58,-23
640,4,0,0,1
Clsn1: 1
 Clsn1[0] = 12,-62,58,-23
640,3,0,0,1
Clsn1: 1
 Clsn1[0] = 12,-62,58,-23
640,4,0,0,1
Clsn2: 1
 Clsn2[0] = -23,-92,29,-43
640,1,0,0,3
Clsn2: 1
 Clsn2[0] = -24,-93,22,-29
41,2,0,0,4
Clsn2: 1
 Clsn2[0] = -18,-95,24,-9
41,1,0,0,4
Clsn2: 1
 Clsn2[0] = -18,-95,24,-9
41,0,0,0,-1

[begin Action 650]
Clsn2: 1
 Clsn2[0] = -25,-98,16,-27
650,0,0,0,4
Clsn2: 1
 Clsn2[0] = -25,-98,16,-27
650,1,0,0,6
Clsn2: 2
 Clsn2[0] = -25,-90,16,-35
 Clsn2[1] = -3,-73,80,-58
650,2,0,0,1
Clsn1: 1
 Clsn1[0] = -1,-76,80,-54
Clsn2: 2
 Clsn2[0] = -25,-90,16,-35
 Clsn2[1] = -3,-73,80,-58
650,2,0,0,4
Clsn2: 2
 Clsn2[0] = -26,-100,23,-33
 Clsn2[1] = 5,-66,83,-31
650,3,0,0,4
Clsn2: 1
 Clsn2[0] = -24,-93,22,-29
41,2,0,0,4
Clsn2: 1
 Clsn2[0] = -18,-95,24,-9
41,1,0,0,4
Clsn2: 1
 Clsn2[0] = -18,-95,24,-9
41,0,0,0,-1



[Begin Action 700]
Clsn2Default: 1
 Clsn2[0] = -23,-77,33,0
700,0,0,0,1
700,0,0,0,1
700,0,0,0,3
700,1,0,0,6
700,2,0,0,6
700,3,0,0,6
10,0,0,0,6

[Begin Action 730]
Clsn2default: 1
 Clsn2[0] = 18,6,-25,-39
730,0,0,0,3
730,1,0,0,3
730,2,0,0,4
730,3,0,0,4
730,4,0,0,3
Clsn2default: 1
 Clsn2[0] = -25,-55,24,2
11,0,0,0,2
10,0,0,0,3

[Begin Action 731]
Clsn2default: 1
 Clsn2[0] = 18,6,-25,-39
731,0,0,0,3
730,4,0,0,3
730,3,0,0,4
730,2,0,0,4
730,1,0,0,3
Clsn2default: 1
 Clsn2[0] = -25,-55,24,2
11,0,0,0,2
10,0,0,0,3


[Begin Action 701]
Clsn2Default: 1
 Clsn2[0] = -23,-77,33,0
701,0,0,0,1
701,0,0,0,1
701,0,0,0,3
701,1,0,0,6
701,2,0,0,6
701,3,0,0,6
10,0,0,0,6


[Begin Action 710]
710,0,0,0,2
710,1,0,0,1
710,0,0,0,1
710,2,0,0,1
710,1,0,0,1
710,3,0,0,1
710,2,0,0,1
710,4,0,0,1
710,3,0,0,1
710,5,0,0,1
710,4,0,0,1
710,6,0,0,1
710,5,0,0,1
710,7,0,0,1


[Begin Action 750]
Clsn2: 1
 Clsn2[0] = -16,-77,29,-1
750,0,0,0,3
Clsn2: 1
 Clsn2[0] = 20,0,-16,-101
750,1,0,0,2
loopstart
Clsn2Default: 2
 Clsn2[0] = 24,-1,-30,-59
 Clsn2[1] = 19,-59,-25,-114
750,2,0,0,3
750,3,0,0,3

[Begin Action 751]
Clsn2: 1
 Clsn2[0] = 20,0,-16,-101
750,1,0,0,3
Clsn2: 1
 Clsn2[0] = -16,-77,29,-1
750,0,0,0,3


[Begin Action 752]
752,0,0,0,1,,S
752,1,0,0,1,,S
752,2,0,0,1,,S
752,3,0,0,1,,S
752,4,0,0,1,,S
752,5,0,0,1,,S

[Begin Action 800]
Clsn1: 1
 Clsn1[0] = 0,-100,47,0
Clsn2: 1
 Clsn2[0] = -29,-95,24,-2
0,0, 0,0, 10

[Begin Action 801]
800,0,0,0,7
800,1,0,0,8
800,2,0,0,30
10,0,0,0,7

[Begin Action 802]
5010,0,0,0,-1

[Begin Action 811]
1080,0,0,0,3
1080,1,0,0,3
1080,2,0,0,3
1080,3,0,0,4
1080,4,0,0,12
810,0,0,0,4
810,1,0,0,5
810,2,0,0,5
810,3,0,0,5
810,4,0,0,5

[Begin Action 813]
5011,10,0,0,16
5041,10,0,0,4,VH
5011,20,0,0,-1,VH

[Begin Action 814]
5011,20,0,0,5,VH
5011,10,0,0,3,VH
5011,0,0,0,3,VH
5031,40,0,0,4
5031,30,0,0,4
5031,20,0,0,-1

[Begin Action 1000]
Clsn2: 1
 Clsn2[0] = -11,-106,25,-35
1000,0,0,0,3
Clsn2: 1
 Clsn2[0] = -11,-106,25,-35
1000,1,0,0,5
Clsn2: 2
 Clsn2[0] = -27,-108,20,-32
 Clsn2[1] = 17,-58,62,-15
1000,2,0,0,1
Clsn1: 1
 Clsn1[0] = -2,-66,63,-15
Clsn2: 2
 Clsn2[0] = -27,-108,20,-32
 Clsn2[1] = 17,-58,62,-15
1000,2,0,0,-1

[Begin Action 1001]
Clsn2default: 1
 Clsn2[0] = -23,-79,26,1
10,0,0,0,4
10,1,0,0,4
10,0,0,0,4

[Begin Action 1010]
Clsn2: 1
 Clsn2[0] = -25,-83,45,1
1010,0,0,0,3
Clsn2: 1
 Clsn2[0] = -31,-68,47,-1
1010,1,0,0,3
Clsn2: 2
 Clsn2[0] = -16,-82,41,-1
 Clsn2[1] = 32,-124,67,-62
1010,2,0,0,1
Clsn1: 1
 Clsn1[0] = 28,-122,70,-56
Clsn2: 2
 Clsn2[0] = -16,-82,41,-1
 Clsn2[1] = 32,-124,67,-62
1010,2,0,0,2
Clsn2: 2
 Clsn2[0] = -26,-77,30,2
 Clsn2[1] = 5,-125,54,-63
1010,3,0,0,3
Clsn2: 2
 Clsn2[0] = -38,-81,18,0
 Clsn2[1] = 9,-79,60,-55
1010,4,0,0,5
Clsn2: 2
 Clsn2[0] = -45,-92,3,4
 Clsn2[1] = -11,-64,50,-46
1010,5,0,0,5
Clsn2: 1
 Clsn2[0] = -38,-96,20,-1
1010,6,0,0,5

[Begin Action 1020]
Clsn2default: 1
 Clsn2[0] = -18,-110,28,-11
1020,0,0,0,2
Clsn2: 1
 Clsn2[0] = -29,-101,28,-14
1020,1,0,0,3
Clsn2: 1
 Clsn2[0] = -23,-102,26,-15
1020,2,0,0,3
Clsn2: 2
 Clsn2[0] = 15,-23,-22,-104
 Clsn2[1] = 13,-107,48,-69
1020,3,0,0,3
Clsn2: 2
 Clsn2[0] = -28,-100,14,-20
 Clsn2[1] = 15,-106,42,-72
1020,4,0,0,1
Clsn1: 2
 Clsn1[0] = -16,-70,42,-15
 Clsn1[1] = 18,-108,47,-68
 Clsn2: 2
 Clsn2[0] = -28,-100,14,-20
 Clsn2[1] = 15,-106,42,-72
1020,4,0,0,2
Clsn2: 1
 Clsn2[0] = 36,-17,-26,-97
1020,5,0,0,3
Clsn2: 1
 Clsn2[0] = -14,-95,24,-14
1020,6,0,0,3
Clsn2: 1
 Clsn2[0] = -24,-93,22,-29
41,2,0,0,4
Clsn2: 1
 Clsn2[0] = -18,-95,24,-9
41,1,0,0,4
Clsn2: 1
 Clsn2[0] = -18,-95,24,-9
41,0,0,0,-1

[Begin Action 1030]
Clsn2: 1
 Clsn2[0] = -30,-93,18,-5
1030,0,0,0,4
Clsn2: 1
 Clsn2[0] = 42,2,-22,-50
1030,1,0,0,2
Clsn2: 1
 Clsn2[0] = 42,2,-22,-50
1030,2,0,0,1
Clsn1: 1
 Clsn1[0] = -6,-33,47,13
Clsn2: 1
 Clsn2[0] = -22,-50,42,2
1030,2,0,0,3
Clsn2: 1
 Clsn2[0] = 42,2,-22,-50
1030,1,0,0,2
Clsn2: 1
 Clsn2[0] = -24,-93,22,-29
41,2,0,0,4
Clsn2: 1
 Clsn2[0] = -18,-95,24,-9
41,1,0,0,4
Clsn2: 1
 Clsn2[0] = -18,-95,24,-9
41,0,0,0,-1

[Begin Action 1050]
Clsn2: 1
 Clsn2[0] = 16,-104,43,2
245,0,0,0,2
Clsn2: 1
 Clsn2[0] = -6,-104,48,4
245,1,0,0,2
Clsn2: 2
 Clsn2[0] = -5,-94,38,-37
 Clsn2[1] = -33,-37,76,1
1050,0,0,0,2
Clsn2: 2
 Clsn2[0] = -54,-39,62,5
 Clsn2[1] = -26,-98,32,-39
1050,1,0,0,2
Clsn2: 2
 Clsn2[0] = -59,-52,58,1
 Clsn2[1] = -45,-100,40,-53
1050,2,0,0,3
Clsn2: 2
 Clsn2[0] = -60,-60,60,1
 Clsn2[1] = 2,-90,74,-59
1050,3,0,0,1
Clsn1: 1
 Clsn1[0] = 25,-89,75,-50
Clsn2: 2
 Clsn2[0] = -49,-52,56,4
 Clsn2[1] = -1,-87,79,-52
1050,3,0,0,2
Clsn2: 2
 Clsn2[0] = -41,-53,59,2
 Clsn2[1] = 13,-100,53,-54
1050,4,0,0,6
Clsn2: 1
 Clsn2[0] = -16,-107,55,-1
1050,5,0,0,6
Clsn2: 1
 Clsn2[0] = -28,-103,34,1
1050,6,0,0,6

[Begin Action 1051]
1051,0,0,0,3,,S
1051,1,0,0,3,,S
1051,2,0,0,3,,S
1051,3,0,0,3,,S
1051,4,0,0,1,,S
1051,5,0,0,1,,S
1051,6,0,0,1,,S
1051,7,0,0,1,,S
1051,8,0,0,1,,S
1051,9,0,0,1,,S

[Begin Action 1060]
Clsn2: 1
 Clsn2[0] = -12,-76,31,0
1060,0,0,0,3
Clsn1: 1
 Clsn1[0] = -11,-81,30,-3
Clsn2: 2
 Clsn2[0] = -41,-35,46,-2
 Clsn2[1] = 1,-78,51,-36
1060,1,0,0,10
Clsn2: 2
 Clsn2[0] = -42,-40,47,1
 Clsn2[1] = 2,-75,61,-41
1060,2,0,0,4
Clsn2: 2
 Clsn2[0] = 14,-79,81,-40
 Clsn2[1] = -26,-40,52,1
1060,3,0,0,6
Clsn2: 2
 Clsn2[0] = -26,-40,52,1
 Clsn2[1] = 11,-79,55,-40
1060,2,0,0,4
Clsn2: 1
 Clsn2[0] = -20,-91,32,0
210,7,0,0,4
Clsn2: 1
 Clsn2[0] = -20,-91,32,0
210,8,0,0,4

[Begin Action 1061]
1060,1,0,0,-1

[Begin Action 1062]
1060,1,0,0,3
1060,2,0,0,6
1060,3,0,0,20
1060,2,0,0,4
210,7,0,0,4
210,8,0,0,4

[Begin Action 1063]
5011,20,0,0,-1

[Begin Action 1080]
Clsn2: 1
 Clsn2[0] = -47,-84,27,-1
1080,0,0,0,3
Clsn2: 1
 Clsn2[0] = -50,-75,41,-1
1080,1,0,0,3
Clsn2: 1
 Clsn2[0] = -32,-88,26,-2
1080,2,0,0,3
Clsn2: 3
 Clsn2[0] = -55,-45,41,-1
 Clsn2[1] = -30,-96,24,-46
 Clsn2[2] = 20,-75,41,-53
1080,3,0,0,1
Clsn1: 1
 Clsn1[0] = 6,-85,44,-52
Clsn2: 3
 Clsn2[0] = -48,-54,44,-1
 Clsn2[1] = -22,-99,24,-44
 Clsn2[2] = 18,-79,46,-52
1080,3,0,0,2
Clsn2: 2
 Clsn2[0] = -45,-46,44,2
 Clsn2[1] = -24,-96,37,-45
1080,4,0,0,6
Clsn2: 1
 Clsn2[0] = -34,-96,27,0
1080,5,0,0,6
Clsn2: 1
 Clsn2[0] = -27,-101,24,2
1080,6,0,0,6

[Begin Action 1081]
1081,0,0,0,3,,S
1081,1,0,0,3,,S
1081,2,0,0,3,,S
1081,3,0,0,3,,S
1081,4,0,0,2,,S
1081,5,0,0,1,,S
1081,6,0,0,1,,S
1081,7,0,0,1,,S

[Begin Action 1100]
Clsn2default: 1
 Clsn2[0] = -17,-99,31,-26
1100,0,0,0,2
1100,1,0,0,1
1100,2,0,0,2
1100,3,0,0,2
Clsn2: 2
 Clsn2[0] = -54,-81,26,-25
 Clsn2[1] = -2,-85,68,-30
1100,4,0,0,1
Clsn1: 1
 Clsn1[0] = 7,-78,68,-40
Clsn2: 2
 Clsn2[0] = 9,-75,67,-41
 Clsn2[1] = -58,-97,29,-35
1100,4,0,0,-1

[Begin Action 1101]
1101,0,0,0,1,,S
1101,1,0,0,1,,S
1101,2,0,0,1,,S
1101,3,0,0,1,,S
1101,4,0,0,1,,S
1101,5,0,0,1,,S
1101,6,0,0,1,,S
1101,7,0,0,1,,S
1101,8,0,0,1,,S
1101,9,0,0,1,,S


[Begin Action 3000]
Clsn2: 1
 Clsn2[0] = -33,-92,26,-2
215,0,0,0,32
Clsn2: 2
 Clsn2[0] = -34,-52,53,0
 Clsn2[1] = 5,-88,52,-43
1090,0,0,0,6
Clsn1: 3
 Clsn1[0] = 26,-103,71,-38
 Clsn1[1] = 0,-143,56,-101
 Clsn1[2] = -32,-167,24,-142
Clsn2: 3
 Clsn2[0] = -32,-47,68,1
 Clsn2[1] = -19,-100,49,-45
 Clsn2[2] = -4,-136,31,-81
1090,1,0,0,3
Clsn1: 3
 Clsn1[0] = 26,-103,71,-38
 Clsn1[1] = 0,-143,56,-101
 Clsn1[2] = -32,-167,24,-142
Clsn2: 3
 Clsn2[0] = -32,-47,68,1
 Clsn2[1] = -19,-100,49,-45
 Clsn2[2] = -4,-136,31,-81
1090,2,0,0,3
Clsn2: 3
 Clsn2[0] = -32,-47,68,1
 Clsn2[1] = -19,-100,49,-45
 Clsn2[2] = -4,-136,31,-81
1090,3,0,0,4
Clsn2: 2
 Clsn2[0] = -25,-56,46,1
 Clsn2[1] = -5,-97,48,-51
1090,4,0,0,8
Clsn2: 1
 Clsn2[0] = -17,-89,36,7
200,7,0,0,8

[Begin Action 3001]
1090,3,0,0,4
1090,4,0,0,8
3000,2,0,0,4
3000,3,0,0,4
3000,4,0,0,15
3000,5,0,0,6
3000,6,0,0,6
3000,7,0,0,6
245,0,-30,0,6
3000,8,0,0,6
3000,9,0,0,30
245,0,-30,0,6

[Begin Action 3011]
1090,3,0,0,4
1090,4,0,0,8
3000,2,0,0,4
3000,3,0,0,4
3000,4,0,0,15
3000,5,0,0,3
3000,6,0,0,3
3000,7,0,0,3
1010,0,0,0,3,H
1010,1,0,0,3,H
1010,2,0,0,3,H
1010,3,0,0,15,H
1010,4,0,0,6,H
1010,5,0,0,6,H
1010,6,0,0,6,H
1080,0,0,0,3
1080,1,0,0,3
1080,2,0,0,3
1080,3,0,0,15
1080,4,0,0,6
1080,5,0,0,6
1080,6,0,0,6
750,1,0,0,4
750,0,0,0,15
750,2,0,0,3
750,3,0,0,3
750,2,0,0,3
750,3,0,0,3
750,2,0,0,3
750,3,0,0,3
750,2,0,0,3
750,3,0,0,3
750,2,0,0,3
750,3,0,0,3
750,1,0,0,4

[Begin Action 3001]
1090,3,0,0,4
1090,4,0,0,8
3000,2,0,0,4
3000,3,0,0,4
3000,4,0,0,15
3000,5,0,0,6
3000,6,0,0,6
3000,7,0,0,6
245,0,-30,0,6
3000,8,0,0,9
3000,9,0,0,50
245,0,-30,0,6

[Begin Action 3002]
3002,0,0,0,1,,S
3002,1,0,0,1,,S
3002,2,0,0,1,,S
3002,3,0,0,1,,S
3002,0,0,0,1,,S
3002,1,0,0,1,,S
3002,2,0,0,1,,S
3002,3,0,0,1,,S
3002,0,0,0,1,,S
3002,1,0,0,1,,S
3002,2,0,0,1,,S
3002,3,0,0,1,,S
3002,0,0,0,1,,S
3002,1,0,0,1,,S
3002,2,0,0,1,,S
3002,3,0,0,1,,S
3002,4,0,0,1,,S
3002,5,0,0,2,,S
3002,6,0,0,2,,S
3002,7,0,0,2,,S
3002,8,0,0,2,,S
3002,9,0,0,2,,S

[Begin Action 30021]
3002,10,0,0,2,,S
3002,11,0,0,2,,S
3002,12,0,0,2,,S
3002,13,0,0,2,,S
3002,14,0,0,2,,S
3002,15,0,0,2,,S

[Begin Action 3003]
3003,0,0,0,2,,S
3003,1,0,0,2,,S
3003,2,0,0,2,,S
3003,3,0,0,2,,S
3003,4,0,0,2,,S
3003,5,0,0,2,,S
3003,6,0,0,2,,S
3003,7,0,0,2,,S
3003,8,0,0,2,,S
3003,9,0,0,2,,S
3003,10,0,0,2,,S
3003,11,0,0,2,,S
3003,12,0,0,2,,S
3003,13,0,0,2,,S
3003,14,0,0,2,,S
3003,15,0,0,2,,S
3003,16,0,0,2,,S
3003,17,0,0,2,,S
3003,18,0,0,2,,S
3003,19,0,0,2,,S
3003,20,0,0,2,,S
3003,21,0,0,2,,S
3003,22,0,0,2,,S
3003,23,0,0,2,,S
3003,24,0,0,2,,S


[Begin Action 3005]
5010,0,0,0,13
5010,10,0,0,3
5010,20,0,0,-1

[Begin Action 3006]
5000,20,0,0,4
5000,20,-3,0,4
5000,20,0,0,4
5000,20,3,0,4

[Begin Action 3016]
5000,20,0,0,4
5000,20,-3,0,4
5000,20,0,0,4
5000,20,3,0,4
5000,20,0,0,4
5000,20,-3,0,4
5000,20,0,0,4
5000,20,3,0,4
5010,10,0,0,4
5010,10,-3,0,4
5010,10,0,0,4
5010,10,3,0,4
5010,10,0,0,4
5010,10,-3,0,4
5010,10,0,0,4
5010,10,3,0,4
5010,10,0,0,4
5010,10,-3,0,4
loopstart
5010,20,0,0,4
5010,20,-3,0,4
5010,20,0,0,4
5010,20,3,0,4

[Begin Action 30012]
30012,0,0,0,1,,S
30012,1,0,0,1,,S
30012,2,0,0,1,,S
30012,3,0,0,1,,S
30012,0,0,0,1,,S
30012,1,0,0,1,,S
30012,2,0,0,1,,S
30012,3,0,0,1,,S
30012,0,0,0,1,,S
30012,1,0,0,1,,S
30012,2,0,0,1,,S
30012,3,0,0,1,,S
30012,0,0,0,1,,S
30012,1,0,0,1,,S
30012,2,0,0,1,,S
30012,3,0,0,1,,S
30012,4,0,0,1,,S
30012,5,0,0,2,,S
30012,6,0,0,2,,S
30012,7,0,0,2,,S
30012,8,0,0,2,,S
30012,9,0,0,2,,S


[Begin Action 30013]
30013,0,0,0,1,,S
30013,1,0,0,1,,S
30013,2,0,0,1,,S
30013,3,0,0,1,,S
30013,0,0,0,1,,S
30013,1,0,0,1,,S
30013,2,0,0,1,,S
30013,3,0,0,1,,S
30013,0,0,0,1,,S
30013,1,0,0,1,,S
30013,2,0,0,1,,S
30013,3,0,0,1,,S
30013,0,0,0,1,,S
30013,1,0,0,1,,S
30013,2,0,0,1,,S
30013,3,0,0,1,,S
30013,4,0,0,1,,S
30013,5,0,0,2,,S
30013,6,0,0,2,,S
30013,7,0,0,2,,S
30013,8,0,0,2,,S
30013,9,0,0,2,,S

[Begin Action 3100]
3100,1,0,0,30
Clsn2: 1
 Clsn2[0] = -15,-89,30,0
3100,0,0,0,-1

[Begin Action 3101]
Clsn2: 1
 Clsn2[0] = -19,-96,14,-1
3100,1,0,0,1
Clsn2: 1
 Clsn2[0] = -19,-96,14,-1
3100,2,0,0,1
Clsn2: 1
 Clsn2[0] = -17,-97,19,1
3100,3,0,0,2
Clsn1: 1
 Clsn1[0] = 24,-86,84,-50
Clsn2: 3
 Clsn2[0] = -32,-43,50,3
 Clsn2[1] = -14,-43,41,-95
 Clsn2[2] = 29,-85,78,-73
3100,4,0,0,2
Clsn2: 2
 Clsn2[0] = -17,-98,39,0
 Clsn2[1] = 23,-83,76,-71
3100,5,0,0,12
Clsn2: 2
 Clsn2[0] = 23,-83,76,-71
 Clsn2[1] = -14,-88,31,0
3100,6,0,0,6
Clsn2: 2
 Clsn2[0] = -14,-88,31,0
 Clsn2[1] = 71,-82,25,-70
3100,7,0,0,6

[Begin Action 3102]
3100,5,0,0,18
3100,6,0,0,9
3100,7,0,0,9
3100,8,0,0,30
3100,9,0,0,4
3100,10,0,0,4
3100,11,0,0,3
3100,12,0,0,3
3100,13,0,0,3
3100,11,0,0,3
3100,9,0,0,4
3100,10,0,0,4
3100,11,0,0,3
3100,12,0,0,3
3100,13,0,0,3
3100,11,0,0,3
3100,9,0,0,4
3100,10,0,0,4
3100,11,0,0,3
3100,12,0,0,3
3100,13,0,0,3
3100,13,0,0,12
3100,14,0,0,5
3100,15,0,0,6
3100,16,0,0,6
3100,17,0,0,12
3100,18,0,0,6
3100,19,0,0,4
3100,20,0,0,6
3100,21,0,0,3
3100,22,0,0,3
3100,23,0,0,5
245,0,-30,0,6

[Begin Action 3105]
5011,0,0,0,78
5001,20,0,0,2
5001,20,1,0,2
5001,20,0,0,2
5001,20,1,0,2
5001,10,0,0,5
5001,0,0,0,6
5001,20,0,0,2
5001,20,1,0,2
5001,20,0,0,2
5001,20,1,0,2
5001,10,0,0,5
5001,0,0,0,6
5001,0,0,0,2
5001,20,0,0,2
5001,20,1,0,2
5001,20,0,0,2
5001,20,1,0,2
5001,0,0,0,6
5001,0,0,0,6
5011,0,0,0,4
5011,10,0,0,4
5011,20,0,0,-1

[Begin Action 3500]
Clsn2: 1
 Clsn2[0] = -21,-93,21,-2
3500,0,0,0,10
Clsn2: 2
 Clsn2[0] = -21,-93,21,-2
 Clsn2[1] = -7,-110,11,-81
3500,1,0,0,5
Clsn2: 1
 Clsn2[0] = -25,-109,22,1
3500,2,0,0,5
Clsn2: 1
 Clsn2[0] = 20,-2,-26,-114
3500,3,0,0,5
Clsn2: 1
 Clsn2[0] = 20,-2,-26,-114
3500,4,0,0,5
Clsn2: 1
 Clsn2[0] = 20,-2,-26,-114
3500,5,0,0,5
Clsn2: 1
 Clsn2[0] = 20,-2,-26,-114
3500,6,0,0,5
Clsn2: 1
 Clsn2[0] = -23,-102,22,-2
3500,7,0,0,2
Clsn2: 1
 Clsn2[0] = -19,-100,31,-1
3500,8,0,0,3
Clsn2: 1
 Clsn2[0] = -19,-100,31,-1
3500,9,0,0,30
Clsn2: 1
 Clsn2[0] = -19,-100,31,-1
3500,10,0,0,18
Clsn2: 1
 Clsn2[0] = -19,-100,31,-1
3500,11,0,0,7
Clsn2: 1
 Clsn2[0] = -28,-98,23,2
3500,12,0,0,7

[Begin Action 3501]
Clsn1: 1
 Clsn1[0] = 0,-25,341,15
Clsn2: 1
 Clsn2[0] = 0,-25,341,15
-1,0,0,0,8
-1,0,0,0,10

[Begin Action 3502]
3501,1,0,0,1,,S
3501,1,0,0,1,,A
3501,1,0,0,1,,S
3501,1,0,0,1,,A
3501,1,0,0,1,,S
3501,1,0,0,1,,A
3501,1,0,0,1,,S
3501,1,0,0,1,,A
3501,1,0,0,1,,S
3501,1,0,0,1,,A
3501,1,0,0,1,,S
3501,1,0,0,1,,A
3501,1,0,0,1,,S
3501,1,0,0,1,,A
3501,1,0,0,1,,S
3501,1,0,0,1,,A
3501,1,0,0,1,,S
3501,1,0,0,1,,A

[Begin Action 3503]
3501,0,0,0,5,,A

[Begin Action 3504]
3501,2,0,0,5,,S

[Begin Action 3505]
3502,0,0,0,3,,S
3502,1,0,0,3,,S
3502,2,0,0,3,,S
3502,3,0,0,3,,S
3502,4,0,0,3,,S
3502,5,0,0,3,,S

[Begin Action 3506]
3506,0,0,0,1,,S
3506,0,0,0,1,,A
3506,1,0,0,1,,S
3506,1,0,0,1,,A
3506,2,0,0,1,,S
3506,2,0,0,1,,A
3506,3,0,0,1,,S
3506,3,0,0,1,,A
3506,4,0,0,1,,S
3506,4,0,0,1,,A
3506,5,0,0,1,,S
3506,5,0,0,1,,A
3506,6,0,0,1,,S
3506,6,0,0,1,,A
3506,7,0,0,1,,S
3506,7,0,0,1,,A
;---------------------------
; Stand/Air Hit high (light)
[Begin Action 5000]
Clsn2default: 2
 Clsn2[0] = -25,-91,18,1
 Clsn2[1] = -20,-107,0,-87
5000,0,0,0,7
5000,10,0,0,3

;Stand/Air Hit high (medium)
[Begin Action 5001]
Clsn2default: 2
 Clsn2[0] = -25,-91,18,1
 Clsn2[1] = -20,-107,0,-87
5000,0,0,0,4
5000,10,0,0,3
5000,20,0,0,3

;Stand/Air Hit high (hard)
[Begin Action 5002]
Clsn2default: 2
 Clsn2[0] = -25,-91,18,1
 Clsn2[1] = -20,-107,0,-87
5000,10,0,0,3
5000,20,0,0,3
5000,21,0,0,4

;---------------------------
;Stand Recover high (light)
[Begin Action 5005]
Clsn2default: 2
 Clsn2[0] = -25,-91,18,1
 Clsn2[1] = -20,-107,0,-87
5000,10,0,0,1
5000,0,0,0,-1

;Stand Recover high (medium)
[Begin Action 5006]
Clsn2default: 2
 Clsn2[0] = -25,-91,18,1
 Clsn2[1] = -20,-107,0,-87
5000,20,0,0,1
5000,10,0,0,1
5000,0,0,0,-1

;Stand Recover high (hard)
[Begin Action 5007]
Clsn2default: 2
 Clsn2[0] = -25,-91,18,1
 Clsn2[1] = -20,-107,0,-87
5000,20,0,0,1
5000,10,0,0,1
5000,0,0,0,-1

;---------------------------
;Stand/Air Hit low (light)
[Begin Action 5010]
Clsn2default: 2
 Clsn2[0] = -25,-91,18,1
 Clsn2[1] = -20,-107,0,-87
5010,0,0,0,7
5010,10,0,0,3

;Stand/Air Hit low (medium)
[Begin Action 5011]
Clsn2default: 2
 Clsn2[0] = -25,-91,18,1
 Clsn2[1] = -20,-107,0,-87
5010,0,0,0,3
5010,10,0,0,3
5010,20,0,0,4

;Stand/Air Hit low (hard)
[Begin Action 5012]
Clsn2default: 2
 Clsn2[0] = -25,-91,18,1
 Clsn2[1] = -20,-107,0,-87
5010,10,0,0,3
5010,20,0,0,3
5010,21,0,0,4

;---------------------------
;Stand Recover low (light)
[Begin Action 5015]
Clsn2default: 2
 Clsn2[0] = -25,-91,18,1
 Clsn2[1] = -20,-107,0,-87
5010,10,0,0,1
5010,0,0,0,-1


;Stand Recover low (medium)
[Begin Action 5016]
Clsn2default: 2
 Clsn2[0] = -25,-91,18,1
 Clsn2[1] = -20,-107,0,-87
5010,20,0,0,1
5010,10,0,0,1
5010,0,0,0,-1

;Stand Recover low (hard)
[Begin Action 5017]
Clsn2default: 2
 Clsn2[0] = -25,-91,18,1
 Clsn2[1] = -20,-107,0,-87
5010,21,0,0,1
5010,20,0,0,1
5010,10,0,0,1
5010,0,0,0,-1



;---------------------------
;Crouch Hit (light)
[Begin Action 5020]
Clsn2: 1
 Clsn2[0] = -23,-54,18,0
5020,0,0,0,7
Clsn2: 1
 Clsn2[0] = -23,-54,18,0
5020,10,0,0,3

;Crouch Hit (medium)
[Begin Action 5021]
Clsn2: 1
 Clsn2[0] = -23,-54,18,0
5020,0,0,0,3
Clsn2: 1
 Clsn2[0] = -23,-54,18,0
5020,10,0,0,3
Clsn2: 1
 Clsn2[0] = -17,-64,28,-1
5020,20,0,0,4

;Crouch Hit (hard)
[Begin Action 5022]
Clsn2default: 1
 Clsn2[0] = -17,-64,28,-1
5020,10,0,0,3
5020,20,0,0,3
5020,21,0,0,4

;---------------------------
;Crouch Recover (light)
[Begin Action 5025]
Clsn2: 1
 Clsn2[0] = -23,-54,18,0
5020,10,0,0,1
Clsn2: 1
 Clsn2[0] = -23,-54,18,0
5020,0,0,0,-1

;Crouch Recover (medium)
[Begin Action 5026]
Clsn2default: 1
 Clsn2[0] = -17,-64,28,-1
5020,20,0,0,1
5020,10,0,0,1
5020,0,0,0,-1


;Crouch Recover (hard)
[Begin Action 5027]
Clsn2default: 1
 Clsn2[0] = -17,-64,28,-1
5020,21,0,0,1
5020,20,0,0,1
5020,10,0,0,1
5020,0,0,0,-1

;---------------------------
;Stand/Air Hit back
[Begin Action 5030]
Clsn2: 1
 Clsn2[0] = -32,-99,18,-16
5030,0,0,0,7
Clsn2: 1
 Clsn2[0] = -44,-78,35,-37
5030,10,0,0,3

;Stand/Air Hit transition
[Begin Action 5035]
Clsn2: 1
 Clsn2[0] = -52,-82,42,-34
5030,10,0,0,15

;---------------------------
;Air Recover
[Begin Action 5040]
Clsn2: 1
 Clsn2[0] = -15,-108,11,-9
41,1,0,0,3
Clsn2: 1
 Clsn2[0] = -13,-106,13,1
41,0,0,0,-1

;---------------------------
;Air Fall (going up)
[Begin Action 5050]
Clsn2: 2
 Clsn2[0] = -49,-86,-1,-51
 Clsn2[1] = -15,-76,41,-36
5030,10,0,0,-1

;---------------------------
;Air Fall (going down)
[Begin Action 5060]
Clsn2: 1
 Clsn2[0] = -50,-85,38,-45
5030,30,0,0,5
Clsn2: 2
 Clsn2[0] = -49,-65,-3,-27
 Clsn2[1] = -12,-96,36,-56
5030,40,0,0,-1

;---------------------------
;Air Fall (up-type, going up)
[Begin Action 5051]
Clsn2: 1
 Clsn2[0] = -35,-98,26,-8
5030,0,0,0,5
Clsn2: 1
 Clsn2[0] = -47,-85,35,-35
5030,10,0,0,-1
;5030,20,0,0,-1

;---------------------------
;Air Fall (up-type, coming down)
[Begin Action 5061]
Clsn2: 1
 Clsn2[0] = -56,-80,43,-44
5030,30,0,0,5
Clsn2: 2
 Clsn2[0] = -59,-72,2,-27
 Clsn2[1] = -23,-99,43,-60
5030,40,0,0,5
Clsn2: 1
 Clsn2[0] = -38,-99,19,-7
5030,50,0,0,-1

;---------------------------
;Tripped
[Begin Action 5070]
Clsn2: 1
 Clsn2[0] = -49,-85,33,-30
5010,20,0,0,1
Clsn2: 1
 Clsn2[0] = -49,-85,33,-30
5030,0,0,0,4
Clsn2: 1
 Clsn2[0] = -49,-85,33,-30
5030,10,0,0,4
Clsn2: 1
 Clsn2[0] = -60,-71,51,-37
5030,20,0,0,4
Clsn2: 1
 Clsn2[0] = -60,-71,51,-37
5030,30,0,0,4
Clsn2: 1
 Clsn2[0] = -60,-71,51,-37
5030,40,0,0,4
Clsn2: 1
 Clsn2[0] = -60,-71,51,-37
5030,50,0,0,-1

;---------------------------
;LieDown Hit (stay down)
[Begin Action 5080]
Clsn2: 1
 Clsn2[0] = -53,-27,54,4
5040,20,0,0,4

;---------------------------
;LieDown Hit (hit up into air)
[Begin Action 5090]
Clsn2: 1
 Clsn2[0] = -53,-27,54,4
5040,20,0,0,4

;---------------------------
; Hit ground from fall
[Begin Action 5100]
Clsn2: 1
 Clsn2[0] = -46,-28,60,10
5040,0,0,0,1
Clsn2: 1
 Clsn2[0] = -43,-20,56,5
5040,10,0,0,2

; Bounce into air
[Begin Action 5160]
Clsn2: 1
 Clsn2[0] = -48,-47,48,-19
5040,20,0,-20,2

; Hit ground from bounce
[Begin Action 5170]
Clsn2: 1
 Clsn2[0] = -43,-20,56,5
5040,0,0,0,2
Clsn2: 1
 Clsn2[0] = -43,-20,56,5
5040,10,0,0,2

; Hit ground from fall (up-type)
[Begin Action 5101]
Clsn2: 1
 Clsn2[0] = -11,-72,33,5
5110,0,0,0,2
Clsn2: 1
 Clsn2[0] = -26,-79,48,-4
5110,1,0,0,2
Clsn2: 1
 Clsn2[0] = -26,-79,48,-4
5110,2,0,0,1

; Hit ground from fall (up-type)
[Begin Action 5102]
Clsn2: 1
 Clsn2[0] = -11,-72,33,5
5110,0,0,0,2
Clsn2: 1
 Clsn2[0] = -26,-79,48,-4
5110,1,0,0,2
Clsn2: 1
 Clsn2[0] = -26,-79,48,-4
5110,2,0,0,1

[Begin Action 5161]
Clsn2: 1
 Clsn2[0] = -50,-40,56,-11
5110,2,0,-20,5

[Begin Action 5162]
Clsn2: 1
 Clsn2[0] = -50,-40,56,-11
5110,2,0,-20,5

[Begin Action 5171]
Clsn2: 1
 Clsn2[0] = -54,-18,51,8
5110,2,0,0,2

[Begin Action 5172]
Clsn2: 1
 Clsn2[0] = -54,-18,51,8
5110,2,0,0,2

; LieDown(up-type)
[Begin Action 5111]
Clsn2: 1
 Clsn2[0] = -51,-12,41,6
5110,4,0,0,1

; LieDown(up-type)
[Begin Action 5112]
Clsn2: 1
 Clsn2[0] = -51,-12,41,6
5110,4,0,0,1

; Diag-Up animations
[Begin Action 5052]
Clsn2Default: 2
 Clsn2[0] = -40,-90,1,-58
 Clsn2[1] = -9,-66,41,-32
5050,0,0,0,2
5050,1,0,0,2
5050,2,0,0,2
5050,3,0,0,2

[Begin Action 5062]
Clsn2: 1
 Clsn2[0] = -56,-78,41,-35
5030,20,0,0,5
Clsn2: 2
 Clsn2[0] = -53,-60,3,-26
 Clsn2[1] = -19,-93,40,-55
5030,40,0,0,7
Clsn2: 1
 Clsn2[0] = -34,-97,12,-9
5030,50,0,0,-1

;---------------------------
; LieDown
[Begin Action 5110]
Clsn2: 1
 Clsn2[0] = -29,-20,38,3
5040,10,0,0,1

; Get up from LieDown
[Begin Action 5120]
Clsn2: 1
 Clsn2[0] = -31,-27,38,11
5120,0, 0,0, 3
Clsn2: 1
 Clsn2[0] = -19,-52,20,2
5120,1,0,0,3
Clsn2: 1
 Clsn2[0] = -19,-52,20,2
5120,2,0,0,3

[Begin Action 5121]
Clsn2: 1
 Clsn2[0] = -46,-29,39,7
5121,0, 0,0, 2
Clsn2: 1
 Clsn2[0] = -46,-29,39,7
5121,1, 0,0, 2
Clsn2: 1
 Clsn2[0] = -46,-29,39,7
5121,2, 0,0, 2
Clsn2: 1
 Clsn2[0] = -19,-52,20,2
10,1,0,0,2
Clsn2: 1
 Clsn2[0] = -19,-52,20,2
10,0,0,0,2

[Begin Action 5122]
Clsn2: 1
 Clsn2[0] = -46,-29,39,7
5121,0, 0,0, 2
Clsn2: 1
 Clsn2[0] = -46,-29,39,7
5121,1, 0,0, 2
Clsn2: 1
 Clsn2[0] = -46,-29,39,7
5121,2, 0,0, 2
Clsn2: 1
 Clsn2[0] = -19,-52,20,2
10,1,0,0,2
Clsn2: 1
 Clsn2[0] = -19,-52,20,2
10,0,0,0,2

;---------------------------
; Fall-recovery near ground
[Begin Action 5200]
Clsn2: 2
 Clsn2[0] = -29,-85,22,-67
 Clsn2[1] = -17,-106,11,-41
41,3,0,0,7
Clsn2: 2
 Clsn2[0] = -12,-105,10,-28
 Clsn2[1] = -29,-85,22,-67
41,2,0,0,-1

;Fall-recovery in mid-air
[Begin Action 5210]
Clsn2: 2
 Clsn2[0] = -29,-85,22,-67
 Clsn2[1] = -17,-106,11,-41
41,3,0,0,7
Clsn2: 2
 Clsn2[0] = -12,-105,10,-28
 Clsn2[1] = -29,-85,22,-67
41,2,0,0,3
Clsn2: 1
 Clsn2[0] = -15,-108,11,-9
41,1,0,0,3
Clsn2: 1
 Clsn2[0] = -13,-106,13,1
41,0,0,0,-1
;---------------------------
; Dizzy
[Begin Action 5300]
Clsn2Default: 1
 Clsn2[0] = -29,-95,24,-2
5300,0,0,0,8
5300,1,0,0,8
5300,2,0,0,8

[Begin Action 7000]
7000,0,0,0,1,,S
7000,1,0,0,1,,S
7000,2,0,0,1,,S
7000,3,0,0,1,,S
7000,4,0,0,1,,S
7000,5,0,0,1,,S
7000,6,0,0,1,,S
7000,7,0,0,1,,S
7000,8,0,0,1,,S
7000,9,0,0,1,,S

[Begin Action 7001]
7001,0,0,0,2,,S
7001,1,0,0,2,,S
7001,2,0,0,2,,S
7001,3,0,0,2,,S
7001,4,0,0,2,,S
7001,5,0,0,2,,S
7001,6,0,0,2,,S

;KOF2K Super Effects 
[Begin Action 7100]
-1,0,0,0,10
7100,0,0,0,2,A1
7100,1,0,0,2,A1
7100,2,0,0,2,A1
7100,3,0,0,2,A1
7100,4,0,0,2,A1
7100,5,0,0,2,A1
7100,6,0,0,2,A1
7100,7,0,0,3,A1

[Begin Action 7101]
7101,0,0,0,1,,a
7101,0,0,0,1,HV,a
7101,1,0,0,1,,a
7101,1,0,0,1,HV,a
7101,2,0,0,1,,a
7101,2,0,-20,1,HV,a
7101,3,0,0,1,,a
7101,3,0,-20,1,HV,a
7101,4,0,0,1,,a
7101,4,0,-20,1,HV,a
7101,5,0,0,1,,a
7101,5,0,-20,1,HV,a
7101,6,0,0,1,,a
7101,6,0,-20,2,HV,a



[Begin Action 9500]
9500,0,0,0,-1

[Begin Action 9501]
9500,1,0,0,-1

[Begin Action 9502]
9500,2,0,0,-1,,S

[Begin Action 9503]
9503,0,0,0,-1

[Begin Action 9504]
9503,1,0,0,-1

[Begin Action 9505]
9503,2,0,0,-1

[Begin Action 9506]
9503,3,0,0,-1

[Begin Action 9507]
9503,4,0,0,-1

[Begin Action 8888]
-1,0,0,0,-1

[Begin Action 3600]
3600,0,0,0,1
3600,1,0,0,1
3600,2,0,0,1
3600,3,0,0,1
3600,4,0,0,1
3600,5,0,0,1

[Begin Action 3601]
3601,0,0,0,1,,A
3601,1,0,0,1,,A
3601,2,0,0,1,,A
3601,3,0,0,1,,A
3601,4,0,0,1,,A
3601,5,0,0,1,,A
3601,6,0,0,1,,A
3601,7,0,0,1,,A
3601,8,0,0,1,,A
3601,9,0,0,1,,A
3601,10,0,0,1,,A
3601,11,0,0,1,,A
3601,12,0,0,1,,A

[Begin Action 3602]
3602,0,0,0,30,,A

[Begin Action 9741]
-1,0,0,0,-1

[Begin Action 74140108]
-1,0,0,0,-1

;-------------------
;MEE Template Files
;   provided by
;  Kitsune Sniper
;       ***
; Thanks, Kitsune!
;-------------------
