;
; AIR file created with MCM 2.0b
;
;
[Begin Action 0]
Clsn2Default: 3
 Clsn2[0] =-17,-85, 16,-47
 Clsn2[1] = 10,-93, 22,-79
Clsn2[2]=-27,-50, 24,  0
0, 0, 0, 0, 5
0, 1, 0, 0, 5
0, 2, 0, 0, 5
0, 3, 0, 0, 5
0, 4,  0,  0, 5
0, 5, 0, 0, 5
0, 6, 0, 0, 5
0, 7, 0, 0, 5
  0,  8,  0,  0,  5
  0,  9,  0,  0,  5

[Begin Action 5]
Clsn2Default: 3
 Clsn2[0] =-17,-84, 16,-47
 Clsn2[1] = -5,-94,  7,-80
Clsn2[2]=-27,-50, 24,  0
  5,  0,  0,  0,  3
  5,  1,  0,  0,  3

[Begin Action 6]
Clsn2Default: 3
 Clsn2[0] =-11,-57, 17,-27
 Clsn2[1] =  0,-67, 11,-53
Clsn2[2]=-18,-31, 26,  0
  6,  0,  0,  0,  3
  6,  1,  0,  0,  3

[Begin Action 10]
Clsn2: 4
 Clsn2[0] =   1,-94,  1,-94
 Clsn2[1] =-17,-78, 16,-47
 Clsn2[2] = 10,-87, 22,-73
Clsn2[3]=-27,-50, 24,  0
11, 0, 0, 0, 2
Clsn2: 3
 Clsn2[0] =-11,-67, 17,-36
 Clsn2[1] = 11,-75, 22,-61
Clsn2[2]=-21,-39, 27,  0
11, 1, 0, 0, 2
Clsn2: 3
 Clsn2[0] =-11,-58, 17,-31
 Clsn2[1] =  9,-64, 20,-50
Clsn2[2]=-18,-31, 26,  0
 11,  2,  0,  0,  2

[Begin Action 11]
Clsn2: 4
 Clsn2[0] =   0,-42,  0,-42
 Clsn2[1] =-11,-58, 17,-31
 Clsn2[2] =  9,-64, 20,-50
Clsn2[3]=-18,-31, 26,  0
 11,  2,  0,  0, -1

[Begin Action 12]
Clsn2: 3
 Clsn2[0] =-11,-58, 17,-31
 Clsn2[1] =  9,-64, 20,-50
Clsn2[2]=-18,-31, 26,  0
 11,  2,  0,  0,  2
Clsn2: 3
 Clsn2[0] =-11,-67, 17,-36
 Clsn2[1] = 11,-75, 22,-61
Clsn2[2]=-21,-39, 27,  0
 11,  1,  0,  0,  2

[Begin Action 20]
Clsn2Default: 2
 Clsn2[0] =-12,-92, 11,  0
 Clsn2[1] =  2,-104, 15,-90
 20,  0,  0,  0,  6
20, 1, 0, 0, 6
20, 2, 0, 0, 6
20, 3, 0, 0, 6
20, 4, 0, 0, 6
20, 5, 0, 0, 6
20, 6, 0, 0, 6
20, 7, 0, 0, 6
 20,  8,  0,  0,  6
 20,  9,  0,  0,  6

[Begin Action 21]
Clsn2Default: 2
 Clsn2[0] = -7,-107,  6,-94
 Clsn2[1] =-18,-94, 12,  0
21, 0, 0, 0, 6
21, 1, 0, 0, 6
21, 2, 0, 0, 6
21, 3, 0, 0, 6
21, 4, 0, 0, 6
21, 5, 0, 0, 6
21, 6, 0, 0, 6
21, 7, 0, 0, 6
 21,  8,  0,  0,  6
 21,  9,  0,  0,  6

[Begin Action 40]
Clsn2: 2
 Clsn2[0] =-16,-75, 21,  0
 Clsn2[1] = 14,-80, 25,-69
 40,  1,  0,  0,  1
Clsn2: 2
 Clsn2[0] =-16,-66, 23,  0
 Clsn2[1] = 15,-75, 26,-64
 40,  0,  0,  0,  2

[Begin Action 41]
Clsn2: 2
 Clsn2[0] =-18,-116, 10,-19
 Clsn2[1] =-12,-128, -1,-114
 41,  0,  0,  0,  9
Clsn2: 2
 Clsn2[0] =-11,-109, 20,-25
 Clsn2[1] = 13,-114, 25,-100
41, 1, 0, 0, 4
Clsn2: 2
 Clsn2[0] =-12,-99, 24,-34
 Clsn2[1] = 16,-107, 29,-93
41, 2, 0, 0, 4
Clsn2: 2
 Clsn2[0] =-12,-103, 26,-30
 Clsn2[1] = 14,-110, 27,-96
 41,  1,  0,  0,  4
Loopstart
Clsn2Default: 2
 Clsn2[0] =-10,-107, 20,-19
 Clsn2[1] = 11,-116, 24,-102
41, 3, 0, 0, 4
41, 4, 0, 0, 4

[Begin Action 42]
Clsn2: 2
 Clsn2[0] =-18,-116, 10,-19
 Clsn2[1] =-12,-128, -1,-114
 41,  0,  0,  0,  9
Clsn2: 2
 Clsn2[0] =-11,-109, 20,-25
 Clsn2[1] = 13,-114, 25,-100
41, 1, 0, 0, 4
Clsn2: 2
 Clsn2[0] =-12,-99, 24,-34
 Clsn2[1] = 16,-107, 29,-93
41, 2, 0, 0, 4
Clsn2: 2
 Clsn2[0] =-12,-103, 26,-30
 Clsn2[1] = 14,-110, 27,-96
 41,  1,  0,  0,  4
Loopstart
Clsn2Default: 2
 Clsn2[0] =-10,-107, 20,-19
 Clsn2[1] = 11,-116, 24,-102
41, 3, 0, 0, 4
41, 4, 0, 0, 4

[Begin Action 43]
Clsn2: 2
 Clsn2[0] =-18,-116, 10,-19
 Clsn2[1] =-12,-128, -1,-114
 41,  0,  0,  0,  9
Clsn2: 2
 Clsn2[0] =-11,-109, 20,-25
 Clsn2[1] = 13,-114, 25,-100
41, 1, 0, 0, 4
Clsn2: 2
 Clsn2[0] =-12,-99, 24,-34
 Clsn2[1] = 16,-107, 29,-93
41, 2, 0, 0, 4
Clsn2: 2
 Clsn2[0] =-12,-103, 26,-30
 Clsn2[1] = 14,-110, 27,-96
 41,  1,  0,  0,  4
Loopstart
Clsn2Default: 2
 Clsn2[0] =-10,-107, 20,-19
 Clsn2[1] = 11,-116, 24,-102
41, 3, 0, 0, 4
41, 4, 0, 0, 4

[Begin Action 47]
Clsn2Default: 2
 Clsn2[0] =-16,-71, 21,  0
 Clsn2[1] = 13,-76, 24,-65
 40,  0,  0,  0,  3
 40,  1,  0,  0,  2
 40,  1,  0,  0,  3

[Begin Action 48]
Clsn2Default: 2
 Clsn2[0] =-16,-71, 21,  0
 Clsn2[1] = 13,-76, 24,-65
 40,  0,  0,  0,  5
 40,  1,  0,  0,  3
 40,  1,  0,  0,  3

[Begin Action 100]
Clsn2Default: 3
 Clsn2[0] =-38,-44, 10,  0
 Clsn2[1] =-16,-65, 22,-39
Clsn2[2]= 19,-68, 32,-54
100,  0,  0,  0,  4
100,  1,  0,  0,  4
100, 2, 0, 0, 4
100, 3, 0, 0, 4
100,  4,  0,  0,  4
100,  5,  0,  0,  4

[Begin Action 101]
Clsn2: 3
 Clsn2[0] =-11,-85,  1,-72
 Clsn2[1] =-10,-78, 15,-47
Clsn2[2]=-25,-54, 26,  0
101,  0,  0,  0,  5
Clsn2: 2
 Clsn2[0] =-17,-85, 16,  0
 Clsn2[1] =  2,-96, 14,-82
250, 11,  0,  0,  2

[Begin Action 105]
Clsn2: 3
 Clsn2[0] =-12,-83, 12,-52
 Clsn2[1] = -8,-52, 21, -6
 Clsn2[2] =  9,-87, 21,-73
105,  0,  0,  0,  2
Clsn2: 3
 Clsn2[0] =-12,-83, 12,-52
 Clsn2[1] = -8,-52, 21, -6
 Clsn2[2] =  9,-87, 21,-73
105,  0,  0,  0, -1

[Begin Action 170]
170,  0,  0,  0,  4
170,  1,  0,  0,  5
170,  2,  0,  0,  5
170,  3,  0,  0,  4
170,  4,  0,  0, 12
170,  5,  0,  0,  3
170,  6,  0,  0,  3
170,  7,  0,  0, 20
170,  8,  0,  0,  5
170,  9,  0,  0,  7
170, 10,  0,  0, 10
Loopstart
170, 11,  0,  0,  3
170, 12,  0,  0,  3

[Begin Action 180]
190, 37,  0,  0,  4
180,  0,  0,  0,  6
180,  1,  0,  0, 11
180,  2,  0,  0,  3
180,  3,  0,  0,  4
180,  4,  0,  0,  3
180,  5,  0,  0,  3
180,  6,  0,  0,  3
180,  7,  0,  0, 30
180,  8,  0,  0,  8
180,  9,  0,  0,  3
180, 10,  0,  0, -1

[Begin Action 181]
190, 37,  0,  0,  4
180,  0,  0,  0,  6
180,  1,  0,  0, 11
180,  2,  0,  0,  3
180,  2,  0,  0,  4
181,  4,  0,  0,  3
181,  5,  0,  0,  3
181,  6,  0,  0,  3
180,  7,  0,  0, 30
180,  8,  0,  0,  8
180,  9,  0,  0,  3
180, 10,  0,  0, -1

[Begin Action 182]
180, 11,  0,  0,  3
180, 12,  0,  0,  3
180, 13,  0,  0,  3
180, 14,  0,  0,  5
180, 15,  0,  0,  7
180, 16,  0,  0, 23
180, 17,  0,  0,  3
180, 18,  0,  0, -1

[Begin Action 183]
184,  0,  0,  0,  2
184,  1,  0,  0,  3
184,  2,  0,  0,  3
184,  3,  0,  0,  5
184,  4,  0,  0,  5
184,  5,  0,  0,  4
184,  6,  0,  0,  6

[Begin Action 184]
183,  0,  0,  0,  3
183,  1,  0,  0,  5
183,  2,  0,  0,  4
183,  3,  0,  0,  3
183,  4,  0,  0,  3
183,  5,  0,  0, 38
183,  6,  0,  0,  5
183,  7,  0,  0,  5
183,  8,  0,  0,  7
183,  9,  0,  0,  8
183, 10,  0,  0, 15
183, 11,  0,  0,  5
183, 12,  0,  0,  3
183, 13,  0,  0,  3
183, 14,  0,  0,  3
183, 15,  0,  0,  3
183, 14,  0,  0,  3
183, 15,  0,  0,  3
183, 14,  0,  0,  3
183, 15,  0,  0,  6
183, 14,  0,  0,  7
183, 15,  0,  0, 20
183, 16,  0,  0,  5
183, 17,  0,  0,  8
183, 18,  0,  0,  9
183, 19,  0,  0, 12
183, 20,  0,  0,  3
183, 21,  0,  0,  4
183, 22,  0,  0,  4
183, 23,  0,  0,  4
183, 24,  0,  0, -1

[Begin Action 185]
183,  0,  0,  0,  3
183,  1,  0,  0,  5
183,  2,  0,  0,  4
183,  3,  0,  0,  3
183,  4,  0,  0,  3
183,  5,  0,  0, 38
183,  6,  0,  0,  5
183,  7, 29,  0,  5,H
183,  8, 29,  0,  7,H
183,  9, 29,  0,  8,H
183, 10, 29,  0, 15,H
183, 11, 29,  0,  5,H
183, 12, 29,  0,  3,H
183, 13, 29,  0,  3,H
183, 14, 29,  0,  3,H
183, 15, 29,  0,  3,H
183, 14, 29,  0,  3,H
183, 15, 29,  0,  3,H
183, 14, 29,  0,  3,H
183, 15, 29,  0,  6,H
183, 14, 29,  0,  7,H
183, 15, 29,  0, 20,H
183, 16, 29,  0,  5,H
183, 17, 29,  0,  8,H
183, 18, 29,  0,  9,H
183, 19, 29,  0, 12,H
183, 20, 29,  0,  3,H
183, 21, 29,  0,  4,H
183, 22, 29,  0,  4,H
183, 23, 29,  0,  4,H
183, 24, 29,  0, -1,H

[Begin Action 186]
185,  0,  0,  0,  5
185,  1,  0,  0,  8
185,  2,  0,  0, 15
185,  3,  0,  0,  4
185,  4,  0,  0,  4
185,  5,  0,  0,  4
185,  6,  0,  0, 30
185,  7,  0,  0, 10
185,  8,  0,  0, 38
185,  9,  0,  0,  7
185, 10,  0,  0,  5
185, 11,  0,  0, 33
185, 12,  0,  0,  7
185, 13,  0,  0,  9
185, 11,  0,  0, 10
185, 12,  0,  0,  7
185, 13,  0,  0,  9
185, 14,  0,  0,  6
185, 15,  0,  0,  5
185, 16,  0,  0, -1

[Begin Action 8184]
183,  0,  0,  0,  3
183,  1,  0,  0,  5
183,  2,  0,  0,  4
183,  3,  0,  0,  3
183,  4,  0,  0,  3
183,  5,  0,  0, 60
183,  6,  0,  0,  5
183,  7,  0,  0,  5
183,  8,  0,  0,  7
183,  9,  0,  0,  8
183, 10,  0,  0, 15
183, 11,  0,  0,  5
183, 12,  0,  0,  3
183, 13,  0,  0,  3
183, 14,  0,  0,  3
183, 15,  0,  0,  3
183, 14,  0,  0,  3
183, 15,  0,  0,  3
183, 14,  0,  0,  5
183, 15,  0,  0,  6
183, 14,  0,  0,  8
183, 15,  0,  0,  8

[Begin Action 8185]
183,  0,  0,  0,  3
183,  1,  0,  0,  5
183,  2,  0,  0,  4
183,  3,  0,  0,  3
183,  4,  0,  0,  3
183,  5,  0,  0, 60
183,  6,  0,  0,  5
183,  7, 29,  0,  5,H
183,  8, 29,  0,  7,H
183,  9, 29,  0,  8,H
183, 10, 29,  0, 15,H
183, 11, 29,  0,  5,H
183, 12, 29,  0,  3,H
183, 13, 29,  0,  3,H
183, 14, 29,  0,  3,H
183, 15, 29,  0,  3,H
183, 14, 29,  0,  3,H
183, 15, 29,  0,  3,H
183, 14, 29,  0,  5,H
183, 15, 29,  0,  6,H
183, 14, 29,  0,  8,H
183, 15, 29,  0,  8,H

[Begin Action 8189]
183, 14,  0,  0, 10
183, 15,  0,  0, 60
183, 16,  0,  0,  5
183, 17,  0,  0,  8
183, 18,  0,  0,  9
183, 19,  0,  0, 12
183, 20,  0,  0,  3
183, 21,  0,  0,  4
183, 22,  0,  0,  4
183, 23,  0,  0,  4
183, 24,  0,  0, -1

[Begin Action 190]
190,  1,  0,  0,  5
190,  2,  0,  0,  5
190,  3,  0,  0,  5
190,  1,  0,  0,  5
190,  2,  0,  0,  5
190,  3,  0,  0,  5
190,  1,  0,  0,  5
190,  2,  0,  0,  5
190,  3,  0,  0,  5
190,  1,  0,  0,  5
190,  2,  0,  0,  5
190,  3,  0,  0,  5
190,  1,  0,  0,  5
190,  2,  0,  0,  5
190,  3,  0,  0,  5
190,  1,  0,  0,  5
190,  2,  0,  0,  5
190,  3,  0,  0,  5
190,  4,  0,  0,  7
190,  0,  0,  0, 30
190,  5,  0,  0,  5
190,  6,  0,  0,  5
190,  7,  0,  0,  5
190,  8,  0,  0,  5
190,  9,  0,  0,  8
190, 10,  0,  0,  3
190, 11,  0,  0,  4
190, 12,  0,  0,  4
190, 13,  0,  0,  4
190, 14,  0,  0,  8
190, 15,  0,  0,  4
190, 16,  0,  0,  4
190, 17,  0,  0,  4
190, 18,  0,  0, 18
190, 19,  0,  0,  5
190, 20,  0,  0,  8
190, 21,  0,  0, 13
190, 22,  0,  0,  4
190, 23,  0,  0,  4
190, 24,  0,  0,  3
190, 25,  0,  0,  6
190, 26,  0,  0,  7
190, 27,  0,  0, 33
190, 28,  0,  0,  5
190, 29,  0,  0,  4
190, 30,  0,  0,  5
190, 31,  0,  0,  5
190, 33,  0,  0,  5
190, 32,  0,  0,  8
190, 34,  0,  0,  4
190, 35,  0,  0,  3
190, 36,  0,  0, 21
190, 30,  7,  0,  3
190, 37,  0,  0,  7
200,  5,  0,  0,  2
  0,  0,  0,  0,  2

[Begin Action 191]
190,  0,  0,  0,  3
190,  0,  0,  0,  3

[Begin Action 193]
196,  0,  0,  0,  2
196,  1,  0,  0,  2
196,  2,  0,  0,  3
196,  3,  0,  0,  3
196,  4,  0,  0,  2
196,  5,  0,  0,  2

[Begin Action 194]
194,  0,  0,  0,  3
194,  1,  0,  0,  4
194,  2,  0,  0,  5
194,  3,  0,  0,  3
194,  4,  0,  0,  3
194,  5,  0,  0,  5
194,  6,  0,  0,  4
194,  7,  0,  0,  3
194,  8,  0,  0,  3
194, 18,  0,  0, 13
194,  9,  0,  0,  3
194, 10,  0,  0,  4
194, 11,  0,  0,  5
194, 12,  0,  0,  3
194, 13,  0,  0,  3
194, 14,  0,  0,  5
194, 15,  0,  0,  4
194, 16,  0,  0,  3
194, 17,  0,  0,  3
194, 18,  0,  0, 10

;âûóã
[Begin Action 195]
Clsn2: 3
 Clsn2[0] =-17,-78, 16,-47
 Clsn2[1] = 10,-87, 22,-73
Clsn2[2]=-27,-50, 24,  0
195,  0,  0,  0,  3
Clsn2: 2
 Clsn2[0] =-14,-90, 15,  0
 Clsn2[1] = -2,-101, 11,-87
195,  1,  0,  0,  5
Clsn2: 2
 Clsn2[0] =-12,-92, 11,  0
 Clsn2[1] = -5,-104,  8,-90
195,  2,  0,  0,  3
Clsn2: 2
 Clsn2[0] =-12,-92, 11,  0
 Clsn2[1] = -5,-104,  8,-90
195,  3,  0,  0,  7
Clsn2: 2
 Clsn2[0] =-12,-92, 11,  0
 Clsn2[1] = -5,-104,  8,-90
195,  4,  0,  0,  3
Clsn2: 2
 Clsn2[0] =-12,-92, 11,  0
 Clsn2[1] = -5,-104,  8,-90
195,  5,  0,  0,  3
Clsn2: 2
 Clsn2[0] =-12,-92, 11,  0
 Clsn2[1] = -5,-104,  8,-90
195,  6,  0,  0,  3
Clsn2: 2
 Clsn2[0] =-12,-92, 11,  0
 Clsn2[1] = -5,-104,  8,-90
195,  7,  0,  0,  5
Clsn2: 2
 Clsn2[0] =-12,-101, 11,  0
 Clsn2[1] = -8,-114,  5,-100
195,  8,  0,  0,  3
Clsn2: 2
 Clsn2[0] =-12,-101, 11,  0
 Clsn2[1] = -8,-114,  5,-100
195,  9,  0,  0,  3
Clsn2: 2
 Clsn2[0] =-12,-101, 11,  0
 Clsn2[1] = -8,-114,  5,-100
195, 10,  0,  0,  6
Clsn2: 2
 Clsn2[0] =-12,-101, 11,  0
 Clsn2[1] = -8,-114,  5,-100
195, 11,  0,  0,  3
Clsn2: 2
 Clsn2[0] =-12,-101, 11,  0
 Clsn2[1] = -8,-114,  5,-100
195, 12,  0,  0,  9
Clsn2: 2
 Clsn2[0] =-12,-101, 11,  0
 Clsn2[1] = -8,-114,  5,-100
195, 13,  0,  0,  5
Clsn2: 2
 Clsn2[0] =-12,-92, 11,  0
 Clsn2[1] = -5,-104,  8,-90
195, 14,  0,  0,  4
Clsn2: 2
 Clsn2[0] =-12,-92, 11,  0
 Clsn2[1] = -5,-104,  8,-90
195, 15,  0,  0,  6
Clsn2: 2
 Clsn2[0] =-12,-92, 11,  0
 Clsn2[1] = -5,-104,  8,-90
195, 16,  0,  0,  3
Clsn2: 2
 Clsn2[0] =-12,-92, 11,  0
 Clsn2[1] = -5,-104,  8,-90
195,  3,  0,  0,  5
Clsn2: 2
 Clsn2[0] =-12,-92, 11,  0
 Clsn2[1] = -5,-104,  8,-90
195,  1,  0,  0,  3
Clsn2: 2
 Clsn2[0] =-12,-92, 11,  0
 Clsn2[1] = -5,-104,  8,-90
195, 17,  0,  0,  5
Clsn2: 3
 Clsn2[0] =-17,-78, 16,-47
 Clsn2[1] = 10,-87, 22,-73
Clsn2[2]=-27,-50, 24,  0
195, 18,  0,  0,  6

[Begin Action 196]
Clsn2: 2
Clsn2[0]= 25,-107, 38,-93
Clsn2[1]=  2,-95, 38,  0
193,  0,  0,  0,  3
Clsn2: 2
Clsn2[0]= 18,-109, 31,-95
Clsn2[1]=  2,-95, 38,  0
193,  1,  0,  0,  5
Clsn2: 2
Clsn2[0]=  8,-114, 21,-100
Clsn2[1]=  2,-101, 35,  0
193,  2,  0,  0,  7
Clsn2: 2
Clsn2[0]=  8,-114, 21,-100
Clsn2[1]=  2,-101, 35,  0
193,  3,  0,  0,  7
Clsn2: 2
Clsn2[0]=  8,-114, 21,-100
Clsn2[1]=  2,-101, 35,  0
193,  4,  0,  0,  7
Clsn2: 2
Clsn2[0]=  8,-114, 21,-100
Clsn2[1]=  2,-101, 35,  0
193,  5,  0,  0,  3
Clsn2: 2
Clsn2[0]=  8,-114, 21,-100
Clsn2[1]=  2,-101, 35,  0
193,  6,  0,  0,  3
Clsn2: 2
Clsn2[0]=  8,-114, 21,-100
Clsn2[1]=  2,-101, 35,  0
193,  7,  0,  0, 15
Clsn2: 2
Clsn2[0]=  8,-114, 21,-100
Clsn2[1]=  2,-101, 35,  0
193,  8,  0,  0,  5
Clsn2: 2
Clsn2[0]=  8,-114, 21,-100
Clsn2[1]=  2,-101, 35,  0
193,  9,  0,  0,  6
Clsn2: 2
Clsn2[0]=  8,-114, 21,-100
Clsn2[1]=  2,-101, 35,  0
193, 10,  0,  0,  8
Clsn2: 2
Clsn2[0]=  8,-114, 21,-100
Clsn2[1]=  2,-101, 35,  0
193, 11,  0,  0, 11
Clsn2: 2
Clsn2[0]=  8,-114, 21,-100
Clsn2[1]=  2,-101, 35,  0
193, 12,  0,  0,  3
Clsn2: 2
Clsn2[0]=  8,-114, 21,-100
Clsn2[1]=  2,-101, 35,  0
193, 13,  0,  0,  4
Clsn2: 2
Clsn2[0]=  8,-114, 21,-100
Clsn2[1]=  2,-101, 35,  0
193, 14,  0,  0, 16
Clsn2: 2
Clsn2[0]= 18,-114, 31,-100
Clsn2[1]=  5,-100, 38,  0
193, 15,  0,  0,  6
Clsn2: 3
 Clsn2[0] =  2,-91, 27,-51
 Clsn2[1] = 18,-99, 30,-85
Clsn2[2]=-18,-52, 32,  0
193, 16,  0,  0,  5
Clsn2: 3
 Clsn2[0] = -6,-87, 19,-47
 Clsn2[1] = 13,-93, 25,-79
Clsn2[2]=-22,-49, 32,  0
200,  5,  0,  0,  4

;âûóãÅiÉLÉÉÉìÉZÉãÅj
[Begin Action 197]
Clsn2: 3
 Clsn2[0] =  6,-76, 37,-38
 Clsn2[1] = 29,-84, 42,-69
Clsn2[2]=-21,-50, 44,  0
197,  0,  0,  0,  4
Clsn2: 3
 Clsn2[0] =  6,-76, 37,-38
 Clsn2[1] = 29,-84, 42,-69
Clsn2[2]=-21,-50, 44,  0
197,  1,  0,  0,  3
Clsn2: 3
 Clsn2[0] =  6,-76, 37,-38
 Clsn2[1] = 29,-84, 42,-69
Clsn2[2]=-21,-50, 44,  0
197,  2,  0,  0,  4
Clsn2: 3
 Clsn2[0] =  6,-76, 37,-38
 Clsn2[1] = 29,-84, 42,-69
Clsn2[2]=-21,-50, 44,  0
197,  3,  0,  0,  4
Clsn2: 3
 Clsn2[0] =  6,-76, 37,-38
 Clsn2[1] = 29,-84, 42,-69
Clsn2[2]=-21,-50, 44,  0
197,  4,  0,  0,  4
Clsn2: 3
 Clsn2[0] =  6,-76, 37,-38
 Clsn2[1] = 29,-84, 42,-69
Clsn2[2]=-21,-50, 44,  0
197,  5,  0,  0, 16
Clsn2: 3
 Clsn2[0] =  6,-76, 37,-38
 Clsn2[1] = 29,-84, 42,-69
Clsn2[2]=-21,-50, 44,  0
197,  0,  0,  0,  4
Clsn2: 3
 Clsn2[0] =-17,-85, 16,-47
 Clsn2[1] = 10,-93, 22,-79
Clsn2[2]=-27,-50, 24,  0
200,  1,  0,  0,  7
Clsn2: 3
 Clsn2[0] =-17,-85, 16,-47
 Clsn2[1] = 10,-93, 22,-79
Clsn2[2]=-27,-50, 24,  0
200,  0,  0,  0,  5

;î≠îj
[Begin Action 200]
Clsn2: 3
 Clsn2[0] =-11,-85, 14,-48
 Clsn2[1] =  3,-94, 15,-80
Clsn2[2]=-22,-49, 32,  0
200,  0,  0,  0,  2
Clsn2: 3
 Clsn2[0] =-15,-87, 10,-46
 Clsn2[1] =  2,-92, 14,-78
Clsn2[2]=-22,-49, 32,  0
200,  1,  0,  0,  3
Clsn1: 1
Clsn1[0]= 17,-85, 63,-71
Clsn2: 4
 Clsn2[0] = -2,-87, 23,-47
 Clsn2[1] = 17,-94, 29,-80
 Clsn2[2] =  4,-88, 68,-73
Clsn2[3]=-22,-49, 32,  0
200,  2,  0,  0,  2
Clsn2: 4
 Clsn2[0] = -2,-87, 23,-47
 Clsn2[1] = 16,-94, 28,-80
Clsn2[2]=-22,-49, 32,  0
Clsn2[3]= 17,-88, 43,-76
200,  3,  0,  0,  2
Clsn2: 3
 Clsn2[0] = -4,-87, 21,-47
 Clsn2[1] = 13,-94, 25,-80
Clsn2[2]=-22,-49, 32,  0
200,  4,  0,  0,  2
Clsn2: 3
 Clsn2[0] = -6,-87, 19,-47
 Clsn2[1] = 13,-93, 25,-79
Clsn2[2]=-22,-49, 32,  0
200,  5,  0,  0,  3

;âìóãì±
[Begin Action 210]
Clsn2: 3
 Clsn2[0] =-28,-50, 23,  0
 Clsn2[1] =-12,-84, 17,-50
 Clsn2[2] =  7,-92, 20,-76
210,  0,  0,  0,  3
Clsn2: 3
 Clsn2[0] =-25,-50, 23,  0
 Clsn2[1] =-20,-84,  7,-49
 Clsn2[2] = -6,-96,  7,-79
210,  1,  0,  0,  3
Clsn2: 3
 Clsn2[0] =-27,-49, 27,  0
 Clsn2[1] =-24,-79,  5,-50
 Clsn2[2] = -3,-95, 10,-78
210,  2,  0,  0,  3
Clsn2: 3
 Clsn2[0] =-30,-49, 25,  0
 Clsn2[1] =-26,-80,  3,-47
 Clsn2[2] = -5,-88,  8,-74
210,  3,  0,  0,  6
Clsn1: 4
Clsn1[0]=104,-81,140,-66
Clsn1[1]= 65,-74,109,-57
Clsn1[2]= 34,-67, 81,-49
Clsn1[3]=134,-85,162,-70
Clsn2: 7
 Clsn2[0] =-22,-42, 55,  0
 Clsn2[1] =  2,-71, 44,-40
 Clsn2[2] = 40,-78, 53,-60
Clsn2[3]= 39,-72, 87,-42
Clsn2[4]= 70,-78,116,-52
Clsn2[5]=100,-84,145,-59
Clsn2[6]=133,-86,163,-63
210,  4,  0,  0,  3
Clsn1: 4
Clsn1[0]=104,-89,160,-66
Clsn1[1]= 65,-82,119,-57
Clsn1[2]= 34,-67, 94,-49
Clsn1[3]=141,-92,175,-70
Clsn2: 7
 Clsn2[0] =-22,-42, 55,  0
 Clsn2[1] =  2,-71, 44,-40
 Clsn2[2] = 40,-78, 53,-60
Clsn2[3]= 39,-72, 98,-42
Clsn2[4]= 76,-78,126,-52
Clsn2[5]=112,-84,145,-59
Clsn2[6]=138,-88,167,-63
210,  5,  0,  0,  5
Clsn2: 3
 Clsn2[0] =-22,-42, 55,  0
 Clsn2[1] =  4,-67, 46,-36
 Clsn2[2] = 40,-73, 53,-55
210,  6,  0,  0,  3
Clsn2: 3
 Clsn2[0] =-22,-42, 55,  0
 Clsn2[1] =  4,-67, 46,-36
 Clsn2[2] = 40,-73, 53,-55
210,  7,  0,  0,  5
Clsn2: 3
 Clsn2[0] =-22,-42, 55,  0
 Clsn2[1] =  4,-67, 46,-36
 Clsn2[2] = 40,-73, 53,-55
210,  8,  0,  0,  6
Clsn2: 3
 Clsn2[0] =-20,-46, 47,  0
 Clsn2[1] =  8,-77, 40,-43
 Clsn2[2] = 36,-82, 49,-69
210,  9,  0,  0,  5
Clsn2: 3
 Clsn2[0] =-22,-50, 37,  0
 Clsn2[1] = -2,-80, 30,-46
 Clsn2[2] = 23,-87, 36,-74
210, 10,  0,  0,  5
Clsn2: 3
 Clsn2[0] =-17,-78, 16,-47
 Clsn2[1] = 10,-87, 22,-73
Clsn2[2]=-27,-50, 24,  0
210, 11,  0,  0,  3

;äﬁóãçr
[Begin Action 215]
Clsn2: 3
 Clsn2[0] =-17,-82, 16,-49
 Clsn2[1] =  9,-92, 21,-78
Clsn2[2]=-27,-50, 24,  0
215,  0,  0,  0,  3
Clsn2: 3
 Clsn2[0] =-11,-78, 21,-47
 Clsn2[1] = 14,-87, 26,-73
Clsn2[2]=-27,-50, 32,  0
215,  1,  0,  0,  5
Clsn1: 3
 Clsn1[0] = 38,-94, 62,-59
Clsn1[1]= 43,-120, 65,-67
Clsn1[2]= 16,-76, 41,-51
Clsn2: 4
 Clsn2[0] =-21,-32, 46,  0
 Clsn2[1] =  8,-80, 37,-26
 Clsn2[2] = 30,-86, 43,-70
Clsn2[3]= 35,-106, 58,-47
215,  2,  0,  0,  4
Clsn2: 4
 Clsn2[0] =-21,-32, 46,  0
 Clsn2[1] =  8,-80, 37,-26
 Clsn2[2] = 30,-86, 43,-70
Clsn2[3]= 35,-83, 54,-55
215,  3,  0,  0,  3
Clsn2: 3
 Clsn2[0] =-21,-32, 46,  0
 Clsn2[1] =  8,-80, 37,-26
 Clsn2[2] = 30,-86, 43,-70
215,  4,  0,  0,  6
Clsn2: 3
 Clsn2[0] =-21,-32, 46,  0
 Clsn2[1] =  8,-76, 37,-26
 Clsn2[2] = 31,-83, 44,-67
215,  5,  0,  0,  5
Clsn2: 3
 Clsn2[0] =-11,-84, 15,-48
 Clsn2[1] =  7,-92, 19,-78
Clsn2[2]=-21,-51, 29,  0
215,  6,  0,  0,  5
Clsn2: 3
 Clsn2[0] =-18,-80, 15,-49
 Clsn2[1] =  5,-92, 17,-78
Clsn2[2]=-27,-50, 24,  0
215,  7,  0,  0,  4

;éUè≈
[Begin Action 230]
Clsn2: 3
 Clsn2[0] =-32,-59,  9,  0
 Clsn2[1] =-16,-97, -3,-85
Clsn2[2]=-33,-89, -5,-55
230,  0,  0,  0,  2
Clsn2: 3
 Clsn2[0] =-42,-49,  8, -1
 Clsn2[1] =-35,-99,-22,-84
Clsn2[2]=-42,-87, -5,-48
230,  1,  0,  0,  3
Clsn1: 3
 Clsn1[0] =  5,-51, 29,-27
 Clsn1[1] = 21,-38, 47,-21
 Clsn1[2] = 41,-29, 57,-18
Clsn2: 5
 Clsn2[0] =-18,-84, 15,  0
 Clsn2[1] =-14,-94, -1,-83
 Clsn2[2] =  1,-53, 31,-29
 Clsn2[3] = 28,-40, 50,-24
 Clsn2[4] = 40,-32, 58,-15
230, 2, 0, 0, 3
Clsn2: 3
 Clsn2[0] =-18,-84, 15,  0
 Clsn2[1] =-14,-96, -1,-83
 Clsn2[2] =  1,-53, 27,-16
230,  3,  0,  0,  4
Clsn2: 3
 Clsn2[0] =-24,-84,  9,-46
 Clsn2[1] = -4,-95,  9,-79
Clsn2[2]=-28,-48, 20,  0
230,  4,  0,  0,  4

;Ëìêk
[Begin Action 240]
Clsn2: 3
 Clsn2[0] =-12,-49, 38,  0
 Clsn2[1] = 20,-98, 32,-84
Clsn2[2]=  1,-88, 30,-48
240,  0,  0,  0,  2
Clsn2: 2
 Clsn2[0] =  5,-91, 40,  0
 Clsn2[1] = 27,-103, 39,-89
240,  1,  0,  0,  2
Clsn2: 3
 Clsn2[0] = 24,-72, 54,  0
 Clsn2[1] = 24,-93, 48,-63
 Clsn2[2] = 39,-101, 51,-86
240,  2,  0,  0,  2
Clsn2: 3
 Clsn2[0] = 21,-60, 56,  0
 Clsn2[1] = 27,-85, 56,-59
 Clsn2[2] = 38,-93, 49,-82
240,  3,  0,  0,  2
Clsn2: 3
 Clsn2[0] = 21,-59, 56,  0
 Clsn2[1] = 27,-84, 56,-58
 Clsn2[2] = 34,-93, 45,-82
240,  4,  0,  0,  5
Clsn1: 3
Clsn1[0]= 81,-102,105,-79
Clsn1[1]= 66,-84, 86,-59
Clsn1[2]= 98,-105,133,-82
Clsn2: 6
 Clsn2[0] = 44,-60, 75, -1
 Clsn2[1] = 48,-91, 78,-55
 Clsn2[2] = 54,-101, 65,-90
 Clsn2[3] = 66,-89, 91,-57
Clsn2[4]= 79,-98,111,-74
Clsn2[5]= 96,-101,131,-77
240,  5,  0,  0,  5
Clsn2: 4
 Clsn2[0] = 44,-60, 87, -1
 Clsn2[1] = 53,-90, 86,-59
 Clsn2[2] = 65,-99, 78,-86
Clsn2[3]= 74,-69,122,-40
240,  6,  0,  0,  5
Clsn2: 3
 Clsn2[0] = 48,-44,107, -1
 Clsn2[1] = 64,-79, 90,-43
 Clsn2[2] = 61,-86, 77,-72
240,  7,  0,  0,  4
Clsn2: 3
 Clsn2[0] = 57,-49, 88, -1
 Clsn2[1] = 59,-73, 79,-47
 Clsn2[2] = 55,-78, 66,-67
240,  8,  0,  0,  4
Clsn2: 3
 Clsn2[0] =-10,-80, 19,-50
 Clsn2[1] =-11,-91,  2,-75
Clsn2[2]=-25,-52, 21,  0
240,  9,-71,  0,  4
Clsn2: 3
 Clsn2[0] =-19,-88, 14,-49
 Clsn2[1] =  4,-97, 16,-83
Clsn2[2]=-27,-50, 24,  0
240, 10,-71,  0,  4

;é—âÂ
[Begin Action 245]
Clsn2: 3
 Clsn2[0] = -8,-47, 36,  0
 Clsn2[1] = 24,-97, 35,-83
Clsn2[2]=  3,-89, 29,-46
240,  0,  0,  0,  2
Clsn2: 2
 Clsn2[0] =  9,-97, 41,  0
 Clsn2[1] = 25,-108, 36,-94
245,  1,  0,  0,  2
Clsn2: 2
 Clsn2[0] = 16,-100, 48,  0
 Clsn2[1] = 39,-109, 50,-95
245,  2,  0,  0,  4
Clsn1: 2
Clsn1[0]= 55,-90, 85,-66
Clsn1[1]= 45,-76, 76,-55
Clsn2: 4
 Clsn2[0] = 33,-98, 60,-68
 Clsn2[1] = 47,-106, 58,-92
Clsn2[2]= 31,-69, 66,  0
Clsn2[3]= 51,-98, 81,-53
245,  3,  0,  0,  5
Clsn2: 3
 Clsn2[0] = 33,-98, 60,-68
 Clsn2[1] = 47,-106, 58,-92
Clsn2[2]= 31,-69, 66,  0
245,  4,  0,  0,  4
Clsn2: 2
 Clsn2[0] = 24,-97, 51,  0
 Clsn2[1] = 38,-104, 49,-90
245,  5,  0,  0,  5
Clsn2: 3
 Clsn2[0] =  8,-95, 35,-65
 Clsn2[1] = 27,-104, 38,-90
Clsn2[2]=  9,-69, 44,  0
245,  6,  0,  0,  4
Clsn2: 3
 Clsn2[0] = -8,-47, 36,  0
 Clsn2[1] = 24,-97, 35,-83
Clsn2[2]=  3,-89, 29,-46
245,  7,  0,  0,  4

;å’éh
[Begin Action 400]
Clsn2: 2
 Clsn2[0] =-11,-57, 16,  0
 Clsn2[1] =  6,-68, 17,-54
400,  0,  0,  0,  4
Clsn1: 1
 Clsn1[0] = 26,-61, 63,-46
Clsn2: 3
 Clsn2[0] = -1,-57, 29,  0
 Clsn2[1] = 21,-68, 33,-53
 Clsn2[2] = 16,-62, 64,-45
400,  1,  0,  0,  4
Clsn2: 3
 Clsn2[0] = -2,-57, 27,  0
 Clsn2[1] = 21,-67, 33,-53
 Clsn2[2] = 16,-62, 54,-45
400,  2,  0,  0,  3
Clsn2: 2
 Clsn2[0] =-11,-58, 17,  0
 Clsn2[1] =  9,-66, 20,-52
400,  3,  0,  0,  3

;ïÚóãëM
[Begin Action 410]
Clsn2: 2
 Clsn2[0] = -7,-60, 27,  0
 Clsn2[1] = 21,-69, 32,-55
410,  0,  0,  0,  2
Clsn2: 2
 Clsn2[0] = -2,-72, 32,  0
 Clsn2[1] = 19,-80, 30,-66
410,  1,  0,  0,  3
Clsn2: 3
 Clsn2[0] = -8,-55, 31,  0
 Clsn2[1] = 13,-95, 25,-81
 Clsn2[2] =  4,-87, 29,-55
410,  2,  0,  0,  4
Clsn2: 3
 Clsn2[0] =-12,-54, 31, -1
 Clsn2[1] =  2,-92, 25,-52
 Clsn2[2] =  8,-98, 21,-82
410,  3,  0,  0,  3
Clsn1: 5
 Clsn1[0] = 96,-172,124,-136
Clsn1[1]= 92,-159,114,-100
Clsn1[2]= 77,-152, 98,-72
Clsn1[3]= 53,-114, 68,-48
Clsn1[4]= 66,-132, 81,-56
Clsn2: 8
 Clsn2[0] =-10,-44, 50, -1
 Clsn2[1] = 43,-93, 72,-34
 Clsn2[2] = 17,-71, 53,-39
 Clsn2[3] = 45,-81, 58,-65
Clsn2[4]= 59,-113, 85,-43
Clsn2[5]= 74,-131,100,-58
Clsn2[6]= 85,-152,107,-89
Clsn2[7]=100,-166,120,-97
410,  4,  0,  0,  5
Clsn2: 3
 Clsn2[0] =-10,-44, 56, -1
 Clsn2[1] = 22,-70, 58,-38
 Clsn2[2] = 52,-78, 65,-62
410,  5,  0,  0,  4
Clsn2: 3
 Clsn2[0] =-10,-44, 56, -1
 Clsn2[1] = 22,-70, 58,-38
 Clsn2[2] = 52,-78, 65,-62
410,  6,  0,  0,  6
Clsn2: 3
 Clsn2[0] =-10,-44, 56, -1
 Clsn2[1] = 22,-70, 58,-38
 Clsn2[2] = 52,-78, 65,-62
410,  7,  0,  0,  7
Clsn2: 3
 Clsn2[0] =-16,-44, 50, -1
 Clsn2[1] = 13,-70, 49,-38
 Clsn2[2] = 39,-79, 52,-63
410,  8,  0,  0,  5
Clsn2: 2
 Clsn2[0] =-12,-67, 18,  0
 Clsn2[1] = 14,-76, 25,-62
 11,  1,  0,  0,  4

;ã¸å’
[Begin Action 430]
Clsn2: 3
 Clsn2[0] =-20,-43, 10,  0
 Clsn2[1] =-20,-61,  2,-25
 Clsn2[2] =-10,-72,  2,-59
430,  3,  0,  0,  2
Clsn2: 3
 Clsn2[0] =-20,-43, 10,  0
 Clsn2[1] =-20,-61,  2,-25
 Clsn2[2] =-15,-72, -3,-59
430,  0,  0,  0,  2
Clsn1: 2
Clsn1[0]= 27,-25, 69,-12
Clsn1[1]=  6,-30, 38,-16
Clsn2: 5
 Clsn2[0] =-18,-28, 18,  0
 Clsn2[1] =-16,-57, 10,-27
 Clsn2[2] =-12,-69,  0,-56
Clsn2[3]=  9,-28, 70, -9
Clsn2[4]=  4,-33, 42,-20
430,  1,  0,  0,  4
Clsn2: 4
 Clsn2[0] =-18,-28, 18,  0
 Clsn2[1] =-16,-57, 10,-27
 Clsn2[2] =-12,-69,  0,-56
Clsn2[3]=  9,-28, 59, -9
430,  2,  0,  0,  4
Clsn2: 3
 Clsn2[0] =-20,-43, 10,  0
 Clsn2[1] =-20,-61,  2,-25
 Clsn2[2] =-10,-72,  2,-59
430,  3,  0,  0,  3

;Íróê
[Begin Action 440]
Clsn2: 3
 Clsn2[0] =-15,-37, 16,  0
 Clsn2[1] =-14,-57, 10,-35
 Clsn2[2] =  4,-67, 16,-52
440,  0,  0,  0,  3
Clsn2: 3
 Clsn2[0] =-11,-35, 23,  0
 Clsn2[1] =-16,-54,  7,-27
 Clsn2[2] =-10,-63,  3,-51
440,  1,  0,  0,  3
Clsn2: 3
 Clsn2[0] =-10,-31, 30,  0
 Clsn2[1] =-12,-54, 11,-20
 Clsn2[2] = -8,-59,  5,-47
440,  2,  0,  0,  3
Clsn1: 1
Clsn1[0]= 20,-36, 84,-13
Clsn2: 4
 Clsn2[0] = -7,-24, 40,  0
 Clsn2[1] = -8,-50, 18,-24
 Clsn2[2] = -8,-60,  5,-48
Clsn2[3]= 14,-35, 87,-12
440,  3,  0,  0,  6
Clsn2: 4
 Clsn2[0] = 14,-34, 58,-13
 Clsn2[1] = -7,-24, 21,  0
 Clsn2[2] = -8,-50, 18,-24
 Clsn2[3] = -8,-60,  5,-48
440,  4,  0,  0,  6
Clsn2: 4
 Clsn2[0] = 11,-31, 53,-13
 Clsn2[1] = -7,-24, 21,  0
 Clsn2[2] = -6,-46, 20,-20
 Clsn2[3] = -5,-58,  8,-46
440,  5,  0,  0,  5
Clsn2: 3
 Clsn2[0] =-11,-35, 23,  0
 Clsn2[1] =-16,-54,  7,-27
 Clsn2[2] =-10,-63,  3,-51
440,  6,  0,  0,  3
Clsn2: 3
 Clsn2[0] =-11,-35, 23,  0
 Clsn2[1] =-16,-54,  7,-27
 Clsn2[2] =-10,-63,  3,-51
440,  1,  0,  0,  3
Clsn2: 3
 Clsn2[0] =-15,-37, 16,  0
 Clsn2[1] =-14,-57, 10,-35
 Clsn2[2] =  4,-67, 16,-52
440,  0,  0,  0,  3

;ëÈí‹
[Begin Action 600]
Clsn2: 2
Clsn2[0]=  1,-107, 13,-94
Clsn2[1]=-11,-98, 15,-36
600,  0,  0,  0,  2
Clsn2: 2
Clsn2[0]=-12,-118,  6,-98
Clsn2[1]=-22,-101, 11,-47
600,  1,  0,  0,  3
Clsn1: 1
Clsn1[0]= -3,-66, 29,-13
Clsn2: 3
Clsn2[0]= -2,-92, 16,-74
Clsn2[1]=-22,-100,  9,-37
Clsn2[2]= -6,-74, 26,-16
600,  2,  0,  0,  2
Clsn1: 1
Clsn1[0]= -3,-44, 24,-17
Clsn2: 3
Clsn2[0]= -2,-92, 16,-74
Clsn2[1]=-22,-100,  9,-37
Clsn2[2]= -6,-74, 26,-16
600,  3,  0,  0,  4
Clsn1: 1
Clsn1[0]= -3,-44, 24,-17
Clsn2: 3
Clsn2[0]= -2,-92, 16,-74
Clsn2[1]=-22,-100,  9,-37
Clsn2[2]= -6,-74, 26,-16
600,  4,  0,  0, 12
Clsn2: 2
Clsn2[0]=-12,-118,  6,-98
Clsn2[1]=-22,-101, 11,-47
600,  1,  0,  0,  3
Clsn2: 2
Clsn2[0]=  1,-107, 13,-94
Clsn2[1]=-11,-98, 15,-36
600,  5,  0,  0,  4
Loopstart
Clsn2Default: 2
 Clsn2[0] =-10,-107, 20,-19
 Clsn2[1] = 11,-116, 24,-102
 41,  3,  0,  0,  4
 41,  4,  0,  0,  4

;òhóãñ¬
[Begin Action 610]
Clsn2: 2
 Clsn2[0] =-13,-113, 18,-24
 Clsn2[1] = -2,-125, 11,-110
610,  0,  0,  0,  2
Clsn2: 3
 Clsn2[0] =-14,-111, 19,-23
 Clsn2[1] = -8,-125,  9,-109
Clsn2[2]=  8,-92, 40,-55
610,  1,  0,  0,  3
Clsn2: 3
 Clsn2[0] =-17,-111, 16,-23
 Clsn2[1] =-11,-125,  6,-109
Clsn2[2]=  3,-92, 35,-55
610,  2,  0,  0,  5
Clsn1: 4
Clsn1[0]= 87,-74,119,-26
Clsn1[1]= 68,-62,100,-34
Clsn1[2]= 47,-70, 79,-42
Clsn1[3]= 23,-78, 60,-55
Clsn2: 6
 Clsn2[0] =-11,-106, 19,-75
 Clsn2[1] =  3,-117, 20,-101
Clsn2[2]= -5,-80, 33,-21
Clsn2[3]= 15,-92, 62,-51
Clsn2[4]= 52,-85, 90,-47
Clsn2[5]= 87,-80,111,-38
610,  3,  0,  0,  3
Clsn1: 4
Clsn1[0]= 87,-42,115,-23
Clsn1[1]= 68,-51,100,-39
Clsn1[2]= 56,-60, 79,-42
Clsn1[3]= 28,-74, 60,-55
Clsn2: 6
 Clsn2[0] =-11,-106, 19,-75
 Clsn2[1] =  3,-117, 20,-101
Clsn2[2]= -5,-80, 33,-21
Clsn2[3]= 15,-85, 62,-51
Clsn2[4]= 52,-62, 90,-33
Clsn2[5]= 87,-53,111,-26
610,  4,  0,  0,  3
Clsn2: 4
 Clsn2[0] =-11,-106, 19,-75
 Clsn2[1] =  3,-117, 20,-101
Clsn2[2]= -5,-80, 33,-21
Clsn2[3]= 15,-85, 53,-41
610,  5,  0,  0,  9
Clsn2: 3
 Clsn2[0] =-11,-106, 19,-75
 Clsn2[1] =  3,-117, 20,-101
Clsn2[2]= -5,-80, 33,-21
610,  6,  0,  0,  4
Clsn2: 2
 Clsn2[0] =-13,-113, 18,-24
 Clsn2[1] = -2,-125, 11,-110
610,  0,  0,  0,  4
Loopstart
Clsn2Default: 2
 Clsn2[0] =-10,-107, 20,-19
 Clsn2[1] = 11,-116, 24,-102
 41,  3,  0,  0,  4
 41,  4,  0,  0,  4

;ã‘în
[Begin Action 630]
Clsn2: 2
Clsn2[0]=  5,-108, 17,-95
Clsn2[1]= -7,-98, 19,-36
630,  0,  0,  0,  3
Clsn1: 6
Clsn1[0]=  9,-139, 31,-121
Clsn1[1]= 40,-112, 55,-71
Clsn1[2]= 29,-129, 44,-102
Clsn1[3]= 11,-123, 42,-63
Clsn1[4]= 32,-74, 53,-40
Clsn1[5]= 26,-65, 42,-31
Clsn2: 6
Clsn2[0]=-13,-84, 20,-43
Clsn2[1]=  5,-141, 35,-36
Clsn2[2]=-15,-98,  4,-83
Clsn2[3]=  7,-61, 32,-19
Clsn2[4]= 20,-131, 45,-26
Clsn2[5]= 31,-114, 56,-35
630,  1,  0,  0,  3
Clsn1: 2
Clsn1[0]=  8,-140, 20,-77
Clsn1[1]= -4,-145, 15,-129
Clsn2: 5
Clsn2[0]=-13,-84, 20,-43
Clsn2[1]=  5,-142, 23,-36
Clsn2[2]=-15,-98,  4,-83
Clsn2[3]=  7,-61, 32,-19
Clsn2[4]= -8,-148, 16,-122
630,  2,  0,  0,  4
Clsn1: 2
Clsn1[0]=  8,-140, 19,-107
Clsn1[1]= -4,-145, 15,-133
Clsn2: 4
Clsn2[0]=-13,-84, 20,-43
Clsn2[1]=  5,-142, 23,-36
Clsn2[2]=  7,-61, 32,-19
Clsn2[3]= -8,-148, 16,-128
630,  3,  0,  0, 10
Clsn2: 3
Clsn2[0]= -4,-106,  8,-93
Clsn2[1]=-14,-95, 12,-63
Clsn2[2]=-10,-77, 23,-20
630,  4,  0,  0,  4
Clsn2: 2
Clsn2[0]=  3,-110, 15,-97
Clsn2[1]=-10,-101, 16,-39
630,  5,  0,  0,  4
Loopstart
Clsn2Default: 2
 Clsn2[0] =-10,-107, 20,-19
 Clsn2[1] = 11,-116, 24,-102
 41,  3,  0,  0,  4
 41,  4,  0,  0,  4

;óÜãÛè’
[Begin Action 640]
Clsn2: 2
 Clsn2[0] =-25,-103, 10,-36
 Clsn2[1] =-26,-114,-11,-97
640,  0,  0,  0,  3
Clsn2: 2
 Clsn2[0] =-19,-94, 23,-50
 Clsn2[1] =-19,-108, -5,-91
640,  1,  0,  0,  5
Clsn1: 3
 Clsn1[0] = 23,-88, 59,-70
 Clsn1[1] = 58,-93, 82,-70
Clsn1[2]=  2,-82, 26,-66
Clsn2: 4
 Clsn2[0] =-25,-99, 13,-52
 Clsn2[1] = 34,-91, 77,-74
 Clsn2[2] = -7,-109,  8,-90
 Clsn2[3] =  5,-89, 43,-66
640,  2,  0,  0,  6
Clsn1: 3
 Clsn1[0] = 25,-85, 57,-77
 Clsn1[1] = 58,-89, 74,-77
Clsn1[2]=  7,-82, 26,-74
Clsn2: 4
 Clsn2[0] =-23,-99, 13,-52
 Clsn2[1] = 34,-91, 77,-74
 Clsn2[2] =  5,-89, 43,-66
 Clsn2[3] = -7,-109,  8,-90
640,  3,  0,  0,  3
Clsn2: 3
 Clsn2[0] =-18,-93, 14,-46
 Clsn2[1] = -6,-103,  8,-90
Clsn2[2]= -3,-82, 35,-50
640,  4,  0,  0,  7
Clsn2: 2
Clsn2[0]= -4,-110,  8,-97
Clsn2[1]=-10,-101, 16,-39
640,  5,  0,  0,  5
Loopstart
Clsn2Default: 2
 Clsn2[0] =-10,-107, 20,-19
 Clsn2[1] = 11,-116, 24,-102
 41,  3,  0,  0,  4
 41,  4,  0,  0,  4

[Begin Action 800]
Clsn1: 1
 Clsn1[0] =  8,-87, 31,  0
Clsn2: 2
 Clsn2[0] =-11,-84, 18,  0
 Clsn2[1] =  6,-94, 16,-80
800,  0,  0,  0,  2

[Begin Action 805]
Clsn1: 1
 Clsn1[0] =  8,-87, 31,  0
Clsn2: 2
 Clsn2[0] =-11,-84, 18,  0
 Clsn2[1] =  6,-94, 16,-80
800,  0,  0,  0,  2

;ì{óãíe
[Begin Action 810]
800,  1,  0,  0,  3
800,  2,  0,  0,  6
800,  3,  0,  0,  7
800,  4,  0,  0, 25
800,  5,  0,  0,  6
800,  6,  0,  0,  6
800,  7,  0,  0,  6
Clsn1: 1
Clsn1[0]= 31,-100, 72,-73
800,  8,  0,  0,  3
800,  9,  0,  0,  5
800, 10,  0,  0,  4
800, 11,  0,  0,  6
800, 12,  0,  0,  8
800, 13,  0,  0,  9
800, 14,  0,  0,  7
Clsn2: 3
 Clsn2[0] = -4,-84, 27,-39
 Clsn2[1] = 21,-90, 33,-76
Clsn2[2]=-17,-47, 43,  0
  0,  0, 14,  0,  1

;ì{óãíeÅiéÛÅj
[Begin Action 811]
5000,  0,  0,  0,  3
5032,  0,  0,  0,  6
5062,  0,  0,  0,  6
5062,  0,  0,  0, 25
5062,  0,  0,  0,  6
5062,  0,  0,  0,  6
5062,  0,  0,  0,  7
5032, 10,  0,  0,  5
5032, 40,-14, 16, 10
5032, 40,-14, 16, -1

;ì{óãíeÅiìdÅj
[Begin Action 812]
801,  0,  0,  0,  2
801,  1,  0,  0,  2
801,  2,  0,  0,  2
801,  3,  0,  0,  2
801,  4,  0,  0,  2
801,  5,  0,  0,  2
801,  6,  0,  0,  2

;ä†ó¥ïE
[Begin Action 815]
800,  1,  0,  0,  3
800,  2,  0,  0,  6
800,  3,  0,  0,  7
800,  4,  0,  0, 10
810,  0,  0,  0,  3
810,  1,  0,  0,  3
810,  2,  0,  0,  3
810,  3,  0,  0, 10
810,  4,  0,  0,  3
810,  5,  0,  0,  4
810,  6,  0,  0,  4
810,  7,  0,  0,  7
Clsn1: 1
Clsn1[0]=-119,-37,-44,  0
810,  8,  0,  0,  5
810,  9,  0,  0,  4
810, 10,  0,  0,  4
810, 11,  0,  0,  7
810, 12,  0,  0, 11
810, 13,  0,  0, 10
  5,  1, 47,  0,  6
Clsn2: 3
 Clsn2[0] =-18,-84, 13,-39
 Clsn2[1] = -3,-94,  9,-80
Clsn2[2]=-36,-47, 24,  0
  5,  1,  0,  0,  1,H

;ä†ó¥ïEÅiéÛÅj
[Begin Action 816]
5000,  0,  0,  0,  3
5032,  0,  0,  0,  6
5062,  0,  0,  0,  6
5062,  0,  0,  0, 10
5012, 10,  0,  0,  3
5032, 40,  0,  0,  3
5040,  0,  0,  0,  3
5040, 20,  0,  0,  5
5040, 10,  0,  0, 25
5040,  0,  0,  0,  5
5030, 20,  0,  0,  6
5030, 30,  0,  0,  6
5030, 40,  0,  0, -1

;ïêóãì{ÅiÉ^ÉÅÅj
[Begin Action 250]
Clsn2: 3
 Clsn2[0] =-18,-85, 13,-40
 Clsn2[1] =  5,-95, 17,-81
Clsn2[2]=-34,-47, 26,  0
250,  0,  0,  0,  4
Clsn2: 3
 Clsn2[0] =-18,-85, 13,-40
 Clsn2[1] =  1,-95, 13,-81
Clsn2[2]=-34,-47, 26,  0
250,  1,  0,  0,  5
Clsn2Default: 3
 Clsn2[0] =-28,-52, 25,  0
 Clsn2[1] =-12,-95,  0,-81
Clsn2[2]=-20,-83, 11,-49
250,  2,  0,  0,  4
255,  0,  0,  0,  2
255,  1,  0,  0,  2
255,  0,  0,  0,  2
255,  1,  0,  0,  2
255,  0,  0,  0,  2
255,  1,  0,  0,  2
255,  0,  0,  0,  2
255,  1,  0,  0,  2
255,  0,  0,  0,  2
255,  1,  0,  0,  2
255,  0,  0,  0,  2
255,  1,  0,  0,  2
255,  0,  0,  0,  2
255,  1,  0,  0,  2
255,  0,  0,  0,  2
255,  1,  0,  0,  2
255,  0,  0,  0,  2
255,  1,  0,  0,  2
255,  0,  0,  0,  2
255,  1,  0,  0,  2
255,  0,  0,  0,  2
255,  1,  0,  0,  2
255,  0,  0,  0,  2
255,  1,  0,  0,  2
255,  0,  0,  0,  2
255,  1,  0,  0,  2
255,  0,  0,  0,  2
255,  1,  0,  0,  2
255,  0,  0,  0,  2
255,  1,  0,  0,  2
255,  0,  0,  0,  2
255,  1,  0,  0,  2
255,  0,  0,  0,  2
255,  1,  0,  0,  2
255,  0,  0,  0,  2
255,  1,  0,  0,  2
255,  0,  0,  0,  2
255,  1,  0,  0,  2
255,  0,  0,  0,  2
255,  1,  0,  0,  2
255,  2,  0,  0, 10
Clsn2: 3
 Clsn2[0] =-10,-76, 22,-49
 Clsn2[1] = 19,-81, 31,-67
Clsn2[2]=-44,-56, 22,  0
255,  3,  0,  0,  5
Clsn1: 3
Clsn1[0]= 10,-48, 99,  3
Clsn1[1]= 27,-66,109,-15
Clsn1[2]= 55,-122,107,-64
Clsn2: 6
Clsn2[0]= 19,-71, 31,-59
Clsn2[1]= -4,-61, 28,-35
Clsn2[2]=-30,-38, 37,  1
Clsn2[3]= 32,-38, 83,  1
Clsn2[4]= 24,-60, 93,-21
Clsn2[5]= 54,-105, 98,-55
255,  4,  0,  0,  6
Clsn2: 4
Clsn2[0]= 19,-71, 31,-59
Clsn2[1]= -4,-61, 28,-35
Clsn2[2]=-30,-38, 37,  1
Clsn2[3]= 32,-38, 63,  1
255,  5,  0,  0,  5
Clsn2: 3
Clsn2[0]= 19,-71, 31,-59
Clsn2[1]= -4,-61, 28,-35
Clsn2[2]=-30,-38, 37,  1
255,  6,  0,  0,  3
Clsn2: 3
Clsn2[0]= 19,-71, 31,-59
Clsn2[1]= -4,-61, 28,-35
Clsn2[2]=-30,-38, 37,  1
250,  7,  0,  0,  3
Clsn2: 3
Clsn2[0]= 19,-71, 31,-59
Clsn2[1]= -4,-61, 28,-35
Clsn2[2]=-30,-38, 37,  1
250,  8,  0,  0,  6
Clsn2: 3
 Clsn2[0] = -3,-65, 22,-34
 Clsn2[1] = 19,-74, 31,-60
Clsn2[2]=-34,-38, 32,  1
250,  9,  0,  0,  5
250, 10,  0,  0,  5
250, 11,  0,  0,  4
200,  5,  0,  0,  4

;ïêóãì{
[Begin Action 251]
Clsn2Default: 3
 Clsn2[0] =-28,-52, 25,  0
 Clsn2[1] =-12,-95,  0,-81
Clsn2[2]=-20,-83, 11,-49
250,  3,  0,  0, 10
Clsn2: 3
 Clsn2[0] =-10,-76, 22,-49
 Clsn2[1] = 19,-81, 31,-67
Clsn2[2]=-44,-56, 22,  0
250,  4,  0,  0,  5
Clsn1: 3
Clsn1[0]= 10,-48, 85,  3
Clsn1[1]= 27,-60, 92,-15
Clsn1[2]= 55,-105, 96,-58
Clsn2: 6
Clsn2[0]= 19,-71, 31,-59
Clsn2[1]= -4,-61, 28,-35
Clsn2[2]=-30,-38, 37,  1
Clsn2[3]= 32,-38, 75,  1
Clsn2[4]= 24,-59, 82,-21
Clsn2[5]= 54,-99, 88,-55
250,  5,  0,  0,  4
Clsn2: 4
Clsn2[0]= 19,-71, 31,-59
Clsn2[1]= -4,-61, 28,-35
Clsn2[2]=-30,-38, 37,  1
Clsn2[3]= 32,-38, 63,  1
250,  6,  0,  0,  5
Clsn2: 3
Clsn2[0]= 19,-71, 31,-59
Clsn2[1]= -4,-61, 28,-35
Clsn2[2]=-30,-38, 37,  1
250,  7,  0,  0, 10
Clsn2: 3
Clsn2[0]= 19,-71, 31,-59
Clsn2[1]= -4,-61, 28,-35
Clsn2[2]=-30,-38, 37,  1
250,  8,  0,  0,  5
Clsn2: 3
 Clsn2[0] = -3,-65, 22,-34
 Clsn2[1] = 19,-74, 31,-60
Clsn2[2]=-34,-38, 32,  1
250,  9,  0,  0,  5
250, 10,  0,  0,  5
250, 11,  0,  0,  4
200,  5,  0,  0,  4

;ó†ïó
[Begin Action 260]
Clsn2: 3
Clsn2[0]= -3,-82, 24,-49
Clsn2[1]=-23,-49, 37,  0
Clsn2[2]= 17,-90, 30,-74
260,  0,  0,  0,  2
Clsn2: 3
Clsn2[0]=  0,-80, 27,-49
Clsn2[1]=-23,-49, 37,  0
Clsn2[2]= 23,-86, 36,-70
260,  1,  0,  0,  2
Clsn1: 1
Clsn1[0]= 15,-66, 71,-45
Clsn2: 4
Clsn2[0]= -2,-86, 22,-52
Clsn2[1]=-10,-54, 45,  0
Clsn2[2]= 14,-97, 27,-80
Clsn2[3]= 22,-63, 52,-48
260,  2,  0,  0,  4
Clsn2: 3
Clsn2[0]= -2,-86, 22,-52
Clsn2[1]=-10,-54, 44,  0
Clsn2[2]= 14,-97, 27,-80
260,  3,  0,  0,  2
Clsn2: 3
Clsn2[0]= -2,-86, 22,-52
Clsn2[1]=-10,-54, 44,  0
Clsn2[2]= 14,-97, 27,-80
260,  4,  0,  0,  3
Clsn2: 3
Clsn2[0]= -2,-86, 22,-52
Clsn2[1]=-10,-54, 44,  0
Clsn2[2]= 14,-97, 27,-80
260,  5,  0,  0,  7
Clsn2: 3
Clsn2[0]=  1,-93, 15,-77
Clsn2[1]=-20,-84, 11,-49
Clsn2[2]=-36,-49, 27,  0
200,  0,  0,  0,  4

[Begin Action 261]
Clsn2: 1
Clsn2[0]=  0,-76, 75,-37
261,  0,  0,  0,  4

;óããÏÅié„Åj
[Begin Action 1000]
Clsn2: 3
 Clsn2[0] =-28,-48, 44,  0
 Clsn2[1] = 30,-91, 42,-75
Clsn2[2]=  6,-79, 39,-39
1000,  0,  0,  0,  3
Clsn2: 3
 Clsn2[0] =-28,-40, 54,  0
 Clsn2[1] = 41,-78, 53,-62
Clsn2[2]= 16,-68, 49,-28
1000,  1,  0,  0,  4
Clsn2: 3
Clsn2[0]= 24,-78, 54,-41
Clsn2[1]= 46,-86, 60,-70
Clsn2[2]= -4,-54, 47,  0
1000,  2,  0,  0,  3
Clsn2: 3
Clsn2[0]= 24,-78, 54,-41
Clsn2[1]= 46,-86, 60,-70
Clsn2[2]= -4,-54, 47,  0
1000,  3,  0,  0,  3
Clsn2: 3
Clsn2[0]= 24,-78, 54,-41
Clsn2[1]= 46,-86, 60,-70
Clsn2[2]= -4,-54, 47,  0
1000,  4,  0,  0,  2
Clsn2: 3
Clsn2[0]= 24,-78, 54,-41
Clsn2[1]= 46,-86, 60,-70
Clsn2[2]= -4,-54, 47,  0
1000,  5,  0,  0,  2
Clsn2: 3
Clsn2[0]= 24,-78, 54,-41
Clsn2[1]= 46,-86, 60,-70
Clsn2[2]= -4,-54, 47,  0
1000,  5,  0,  0,  2
Clsn1: 1
Clsn1[0]= -8,-58, 65,-24
Clsn2: 3
Clsn2[0]= 24,-78, 54,-41
Clsn2[1]= 46,-86, 60,-70
Clsn2[2]= -4,-54, 47,  0
1000, 15,  0,  0,  5
Clsn1: 1
Clsn1[0]= -8,-58, 65,-24
Clsn2: 4
Clsn2[0]= -8,-62, 22,-30
Clsn2[1]= 14,-68, 28,-52
Clsn2[2]=-48,-34, 32, -1
Clsn2[3]=-28,-53, 56,-31
1000,  6,  0,  0,  3
Clsn2: 3
Clsn2[0]= -8,-62, 22,-30
Clsn2[1]= 14,-68, 28,-52
Clsn2[2]=-48,-34, 32, -1
1000,  7,  0,  0,  5
Clsn2: 3
Clsn2[0]= -8,-62, 22,-30
Clsn2[1]= 14,-68, 28,-52
Clsn2[2]=-48,-34, 32, -1
1000,  8,  0,  0,  7
Clsn2: 3
Clsn2[0]= -9,-68, 23,-32
Clsn2[1]= 16,-74, 30,-56
Clsn2[2]=-48,-38, 32, -1
1000,  9,  0,  0,  8
Clsn2: 3
Clsn2[0]= -9,-68, 23,-32
Clsn2[1]= 16,-74, 30,-56
Clsn2[2]=-48,-38, 32, -1
1000, 10,  0,  0,  7
Clsn2: 2
 Clsn2[0] =  0,-103, 13,-88
 Clsn2[1] =-15,-91, 15,  0
195, 17,  0,  0,  5
Clsn2: 3
Clsn2[0]=  1,-89, 15,-73
Clsn2[1]=-20,-82, 11,-47
Clsn2[2]=-36,-49, 27, -2
195, 18,  0,  0,  5

;óããÏÅiã≠Åj
[Begin Action 1001]
Clsn2: 3
 Clsn2[0] =-28,-48, 44,  0
 Clsn2[1] = 30,-91, 42,-75
Clsn2[2]=  6,-79, 39,-39
1000,  0,  0,  0,  3
Clsn2: 3
 Clsn2[0] =-28,-40, 54,  0
 Clsn2[1] = 41,-78, 53,-62
Clsn2[2]= 16,-68, 49,-28
1000,  1,  0,  0,  5
Clsn2: 3
Clsn2[0]= 24,-78, 54,-41
Clsn2[1]= 46,-86, 60,-70
Clsn2[2]= -4,-54, 47,  0
1000,  2,  0,  0,  4
Clsn2: 3
Clsn2[0]= 24,-78, 54,-41
Clsn2[1]= 46,-86, 60,-70
Clsn2[2]= -4,-54, 47,  0
1000,  3,  0,  0,  3
Clsn1: 1
Clsn1[0]=-49,-58, 48,-24
Clsn2: 3
Clsn2[0]= 24,-78, 54,-41
Clsn2[1]= 46,-86, 60,-70
Clsn2[2]= -4,-54, 47,  0
1000,  4,  0,  0,  2
Clsn1: 1
Clsn1[0]=-49,-58, 48,-24
Clsn2: 3
Clsn2[0]= 24,-78, 54,-41
Clsn2[1]= 46,-86, 60,-70
Clsn2[2]= -4,-54, 47,  0
1000,  5,  0,  0,  3
Clsn1: 1
Clsn1[0]=-49,-58, 48,-24
Clsn2: 3
Clsn2[0]= 24,-78, 54,-41
Clsn2[1]= 46,-86, 60,-70
Clsn2[2]= -4,-54, 47,  0
1000,  5,  0,  0,  2
Clsn1: 1
Clsn1[0]=-40,-58, 48,-24
Clsn2: 3
Clsn2[0]= 24,-78, 54,-41
Clsn2[1]= 46,-86, 60,-70
Clsn2[2]= -4,-54, 47,  0
1000, 15,  0,  0,  5
Clsn2: 3
Clsn2[0]= -8,-62, 22,-30
Clsn2[1]= 14,-68, 28,-52
Clsn2[2]=-48,-33, 32,  0
1000,  6,  0,  0,  3
Clsn2: 3
Clsn2[0]= -8,-62, 22,-30
Clsn2[1]= 14,-68, 28,-52
Clsn2[2]=-48,-33, 32,  0
1000,  7,  0,  0,  5
Clsn2: 3
Clsn2[0]= -8,-62, 22,-30
Clsn2[1]= 14,-68, 28,-52
Clsn2[2]=-48,-33, 32,  0
1000,  8,  0,  0,  8
Clsn2: 3
Clsn2[0]= -9,-68, 23,-32
Clsn2[1]= 16,-74, 30,-56
Clsn2[2]=-48,-37, 32,  0
1000,  9,  0,  0,  9
Clsn2: 3
Clsn2[0]= -9,-68, 23,-32
Clsn2[1]= 16,-74, 30,-56
Clsn2[2]=-48,-37, 32,  0
1000, 10,  0,  0,  8
Clsn2: 2
 Clsn2[0] =  0,-103, 13,-88
 Clsn2[1] =-15,-91, 15,  0
195, 17,  0,  0,  6
Clsn2: 3
Clsn2[0]=  1,-89, 15,-73
Clsn2[1]=-20,-82, 11,-47
Clsn2[2]=-36,-47, 27,  0
195, 18,  0,  0,  5

[Begin Action 1005]
1005,  0,  0,  0,  2
1005,  1,  0,  0,  4
1005,  2,  0,  0,  3
1005,  3,  0,  0,  2
1005,  4,  0,  0,  2

;ôzóããÏ
[Begin Action 1010]
Clsn2: 3
Clsn2[0]=  6,-82, 20,-66
Clsn2[1]=-18,-69, 13,-34
Clsn2[2]=-33,-46, 28,  1
1010,  0,  0,  0,  3
Clsn2: 2
Clsn2[0]=-17,-66, 14,-31
Clsn2[1]=-35,-48, 25, -1
1010,  1,  0,  0,  2
Clsn2: 2
Clsn2[0]=-17,-66, 14,-31
Clsn2[1]=-35,-48, 25, -1
1010,  1,  0,  0,  2
Clsn2: 3
Clsn2[0]= -2,-78, 28,-41
Clsn2[1]= 20,-86, 34,-70
Clsn2[2]=-30,-54, 21,  0
1010,  2,  0,  0,  3
Clsn2: 3
Clsn2[0]= -2,-78, 28,-41
Clsn2[1]= 20,-86, 34,-70
Clsn2[2]=-30,-54, 21,  0
1010,  3,  0,  0,  2
Clsn2: 3
Clsn2[0]= -2,-78, 28,-41
Clsn2[1]= 20,-86, 34,-70
Clsn2[2]=-30,-54, 21,  0
1010,  4,  0,  0,  2
Clsn1: 1
Clsn1[0]=-38,-90, 19,-23
Clsn2: 3
Clsn2[0]= -2,-78, 28,-41
Clsn2[1]= 20,-86, 34,-70
Clsn2[2]=-30,-54, 21,  0
1010,  5,  0,  0,  2
Clsn1: 1
Clsn1[0]=-38,-90, 19,-23
Clsn2: 3
Clsn2[0]= -2,-78, 28,-41
Clsn2[1]= 20,-86, 34,-70
Clsn2[2]=-30,-54, 21,  0
1010,  5, 50,  0,  2
Clsn1: 1
Clsn1[0]=-38,-90, 19,-23
Clsn2: 3
Clsn2[0]= -2,-78, 28,-41
Clsn2[1]= 20,-86, 34,-70
Clsn2[2]=-30,-54, 21,  0
1000, 15,  0,  0,  4
Clsn1: 1
Clsn1[0]=-30,-90, 27,-23
Clsn2: 3
Clsn2[0]=-34,-78, -4,-41
Clsn2[1]=-38,-86,-24,-70
Clsn2[2]=-27,-54, 24,  0
1000,  5,  0,  0,  2,H
Clsn1: 1
Clsn1[0]=-30,-90, 27,-23
Clsn2: 3
Clsn2[0]=-34,-78, -4,-41
Clsn2[1]=-38,-86,-24,-70
Clsn2[2]=-27,-54, 24,  0
1000,  5,-50,  0,  2,H
Clsn1: 1
Clsn1[0]=-30,-90, 27,-23
Clsn2: 3
Clsn2[0]=-34,-78, -4,-41
Clsn2[1]=-38,-86,-24,-70
Clsn2[2]=-27,-54, 24,  0
1000, 15,  0,  0,  4
Clsn1: 1
Clsn1[0]=-29,-90, 44,-31
Clsn2: 3
Clsn2[0]= -5,-71, 25,-34
Clsn2[1]= 18,-78, 32,-62
Clsn2[2]=-24,-54, 39,  0
1010,  5,  0,  0,  2
Clsn1: 1
Clsn1[0]=-29,-90, 44,-31
Clsn2: 4
Clsn2[0]= -5,-71, 25,-34
Clsn2[1]= 18,-78, 32,-62
Clsn2[2]=-24,-54, 39,  0
Clsn2[3]= -2,-88, 42,-34
1010,  6,  0,  0,  4
Clsn1: 1
Clsn1[0]=-29,-80, 22,-34
Clsn2: 3
Clsn2[0]= -5,-71, 25,-34
Clsn2[1]= 18,-78, 32,-62
Clsn2[2]=-24,-54, 39,  0
1010,  7,  0,  0,  5
Clsn2: 3
Clsn2[0]= -5,-71, 25,-34
Clsn2[1]= 18,-78, 32,-62
Clsn2[2]=-24,-54, 39,  0
1010,  8,  0,  0,  8
Clsn2: 3
Clsn2[0]= -5,-71, 25,-34
Clsn2[1]= 18,-78, 32,-62
Clsn2[2]=-24,-54, 39,  0
1010,  9,  0,  0, 12
Clsn2: 3
Clsn2[0]= 15,-86, 29,-70
Clsn2[1]= -8,-79, 23,-44
Clsn2[2]=-36,-47, 38,  0
1010, 10,  0,  0,  5
Clsn2: 3
Clsn2[0]=  4,-91, 18,-75
Clsn2[1]=-18,-81, 13,-46
Clsn2[2]=-36,-47, 27,  0
215,  6,  0,  0,  4
Clsn2: 3
Clsn2[0]= 12,-89, 26,-73
Clsn2[1]=-13,-80, 18,-45
Clsn2[2]=-33,-47, 30,  0
200,  5,  0,  0,  4

[Begin Action 1015]
1015,  0,  0,  0,  3,H
1015,  1,  0,  0,  4,H
1015,  2,  0,  0,  2,H

[Begin Action 1016]
1016,  0,  0,  0,  3,H
1016,  1,  0,  0,  4,H
1016,  2,  0,  0,  2,H

[Begin Action 1017]
1017,  0,  0,  0,  2,H
1017,  1,  0,  0,  4,H
1017,  2,  0,  0,  3,H
1017,  3,  0,  0,  3,H
1017,  4,  0,  0,  3,H

;ìVóãífÅié„Åj
[Begin Action 1100]
Clsn2: 3
Clsn2[0]= 20,-89, 34,-73
Clsn2[1]= -3,-81, 27,-46
Clsn2[2]=-28,-46, 38,  0
1201,  4,  0,  0,  3
Clsn2: 3
Clsn2[0]= 31,-85, 45,-69
Clsn2[1]=  7,-76, 37,-41
Clsn2[2]=-21,-46, 51,  0
210,  9,  0,  0,  3
Clsn1: 1
Clsn1[0]= -1,-92, 32,-48
Clsn2: 3
Clsn2[0]=-13,-99,  1,-84
Clsn2[1]=-16,-87,  9,-60
Clsn2[2]=-14,-65, 19,  0
1100,  1,  0,  0,  3
Clsn1: 1
Clsn1[0]=  6,-121, 66,-39
Clsn2: 3
Clsn2[0]=-14,-125,  0,-106
Clsn2[1]=-18,-113, 13,-12
Clsn2[2]= -3,-110, 35,-72
1100,  2,  0,  0,  3
Clsn1: 1
Clsn1[0]=  6,-145, 52,-61
Clsn2: 3
Clsn2[0]=-14,-125,  0,-106
Clsn2[1]=-18,-113, 13,-12
Clsn2[2]= -3,-139, 26,-72
1100,  3,  0,  0,  7
Clsn1: 1
Clsn1[0]=  1,-166, 28,-141
Clsn2: 3
Clsn2[0]=-14,-125,  0,-106
Clsn2[1]=-18,-113, 13,-12
Clsn2[2]= -5,-158, 15,-109
1100,  4,  0,  0,  5
Clsn2: 2
Clsn2[0]=-14,-125,  0,-106
Clsn2[1]=-18,-113, 13,-12
1100,  5,  0,  0,  4
Clsn2: 2
 Clsn2[0] =-13,-113, 18,-24
 Clsn2[1] = -2,-125, 11,-110
610,  0,  0,  0,  4
Loopstart
Clsn2Default: 2
 Clsn2[0] =-10,-107, 20,-19
 Clsn2[1] = 11,-116, 24,-102
 41,  3,  0,  0,  4
 41,  4,  0,  0,  4

;ìVóãífÅiã≠Åj
[Begin Action 1101]
Clsn2: 3
Clsn2[0]= 20,-89, 34,-73
Clsn2[1]= -3,-81, 27,-46
Clsn2[2]=-28,-46, 38,  0
1201,  4,  0,  0,  3
Clsn2: 3
Clsn2[0]= 31,-85, 45,-69
Clsn2[1]=  7,-76, 37,-41
Clsn2[2]=-21,-46, 51,  0
210,  9,  0,  0,  3
Clsn1: 1
Clsn1[0]= -1,-92, 32,-48
Clsn2: 3
Clsn2[0]=-13,-99,  1,-84
Clsn2[1]=-16,-87,  9,-60
Clsn2[2]=-14,-65, 19,  0
1100,  1,  0,  0,  4
Clsn1: 1
Clsn1[0]=  6,-121, 66,-39
Clsn2: 3
Clsn2[0]=-14,-125,  0,-106
Clsn2[1]=-18,-113, 13,-12
Clsn2[2]= -3,-110, 35,-72
1100,  2,  0,  0,  4
Clsn1: 1
Clsn1[0]=  6,-145, 52,-61
Clsn2: 3
Clsn2[0]=-14,-125,  0,-106
Clsn2[1]=-18,-113, 13,-12
Clsn2[2]= -3,-139, 26,-72
1100,  3,  0,  0,  9
Clsn1: 1
Clsn1[0]=  1,-166, 28,-141
Clsn2: 3
Clsn2[0]=-14,-125,  0,-106
Clsn2[1]=-18,-113, 13,-12
Clsn2[2]= -5,-158, 15,-109
1100,  4,  0,  0,  5
Clsn2: 2
Clsn2[0]=-14,-125,  0,-106
Clsn2[1]=-18,-113, 13,-12
1100,  5,  0,  0,  4
Clsn2: 2
 Clsn2[0] =-13,-113, 18,-24
 Clsn2[1] = -2,-125, 11,-110
610,  0,  0,  0,  4
Loopstart
Clsn2Default: 2
 Clsn2[0] =-10,-107, 20,-19
 Clsn2[1] = 11,-116, 24,-102
 41,  3,  0,  0,  4
 41,  4,  0,  0,  4

[Begin Action 1105]
184,  1,  0,  0,  2
1105,  0,  0,  0,  3
1105,  1,  0,  0,  4
1105,  2,  0,  0,  5
1105,  3,  0,  0,  6

;èPóãåıÅE„ƒ
[Begin Action 1110]
Clsn2: 2
 Clsn2[0] = -2,-72, 32,  0
 Clsn2[1] = 19,-80, 30,-66
410,  1,  0,  0,  3
Clsn2: 3
 Clsn2[0] = -8,-55, 31,  0
 Clsn2[1] = 13,-95, 25,-81
 Clsn2[2] =  4,-87, 29,-55
410,  2,  0,  0,  3
Clsn2: 3
 Clsn2[0] =-12,-54, 31, -1
 Clsn2[1] =  2,-92, 25,-52
 Clsn2[2] =  8,-98, 21,-82
410,  3,  0,  0,  3
Clsn2: 3
 Clsn2[0] =-10,-44, 50, -1
 Clsn2[1] = 17,-71, 53,-39
 Clsn2[2] = 45,-81, 58,-65
410,  4,  0,  0,  3
Clsn2: 3
 Clsn2[0] =-10,-44, 56, -1
 Clsn2[1] = 22,-70, 58,-38
 Clsn2[2] = 52,-78, 65,-62
410,  5,  0,  0,  4
Clsn2: 3
 Clsn2[0] =-10,-44, 56, -1
 Clsn2[1] = 22,-70, 58,-38
 Clsn2[2] = 52,-78, 65,-62
410,  6,  0,  0,  7
Clsn2: 3
 Clsn2[0] =-10,-44, 56, -1
 Clsn2[1] = 22,-70, 58,-38
 Clsn2[2] = 52,-78, 65,-62
410,  7,  0,  0, 10
Clsn2: 3
 Clsn2[0] =-16,-44, 50, -1
 Clsn2[1] = 13,-70, 49,-38
 Clsn2[2] = 39,-79, 52,-63
410,  8,  0,  0,  7
Clsn2: 3
 Clsn2[0] =-14,-78, 17,-47
 Clsn2[1] = 10,-88, 22,-74
Clsn2[2]=-27,-50, 30,  0
1201,  5,  0,  0,  8
Clsn2: 3
 Clsn2[0] =-17,-86, 10,-50
 Clsn2[1] =  2,-93, 14,-79
Clsn2[2]=-29,-50, 27,  0
1201,  6,  0,  0,  4

[Begin Action 1111]
Clsn1: 2
Clsn1[0]= 92,-47,190, 20
Clsn1[1]=  1,-35, 99, 27
Clsn2: 2
Clsn2[0]= -7,-52,108, 40
Clsn2[1]= 84,-57,199, 27
3103,  1,-26, 60,  3
Clsn1: 2
Clsn1[0]=  1,-21, 99, 18
Clsn1[1]= 92,-32,190,  5
Clsn2: 2
Clsn2[0]= -7,-27,108, 24
Clsn2[1]= 84,-41,199, 12
3103,  2,-26, 60,  3
Clsn1: 2
Clsn1[0]=  1,-14, 99, 10
Clsn1[1]= 92,-28,190, -4
Clsn2: 2
Clsn2[0]= -7,-21,108, 17
Clsn2[1]= 84,-36,199,  2
3103,  3,-26, 60,  3
3103,  4,-26, 60,  4

;èPóãåıÅEîö
[Begin Action 1115]
Clsn2: 2
Clsn2[0]=  1,-107, 13,-94
Clsn2[1]=-11,-98, 15,-36
600,  0,  0,  0,  2
Clsn2: 2
Clsn2[0]=-12,-118,  6,-98
Clsn2[1]=-22,-101, 11,-47
600,  1,  0,  0,  3
Clsn1: 1
Clsn1[0]=-27,-44, 40, 22
Clsn2: 3
Clsn2[0]= -2,-92, 16,-74
Clsn2[1]=-22,-100,  9,-37
Clsn2[2]= -6,-74, 26,-16
600,  2,  0,  0,  2
Clsn1: 1
Clsn1[0]=-27,-44, 40, 22
Clsn2: 3
Clsn2[0]= -2,-92, 16,-74
Clsn2[1]=-22,-100,  9,-37
Clsn2[2]= -6,-74, 26,-16
600,  3,  0,  0,  4
Clsn1: 1
Clsn1[0]=-27,-44, 40, 22
Clsn2: 3
Clsn2[0]= -2,-92, 16,-74
Clsn2[1]=-22,-100,  9,-37
Clsn2[2]= -6,-74, 26,-16
600,  4,  0,  0,  4
Clsn2: 3
Clsn2[0]= -2,-92, 16,-74
Clsn2[1]=-22,-100,  9,-37
Clsn2[2]= -6,-74, 26,-16
600,  3,  0,  0,  4
Clsn2: 3
Clsn2[0]= -2,-92, 16,-74
Clsn2[1]=-22,-100,  9,-37
Clsn2[2]= -6,-74, 26,-16
600,  4,  0,  0,  4
Clsn2: 2
Clsn2[0]=-12,-118,  6,-98
Clsn2[1]=-22,-101, 11,-47
600,  1,  0,  0,  3
Clsn2: 2
Clsn2[0]=  1,-107, 13,-94
Clsn2[1]=-11,-98, 15,-36
600,  5,  0,  0,  4
Loopstart
Clsn2Default: 2
 Clsn2[0] =-10,-107, 20,-19
 Clsn2[1] = 11,-116, 24,-102
 41,  3,  0,  0,  4
 41,  4,  0,  0,  4

[Begin Action 1116]
801,  1,-56, 89,  2
801,  2,-56, 89,  2
801,  3,-56, 89,  2
801,  4,-56, 89,  2
801,  5,-56, 89,  2
801,  6,-56, 89,  2

;èPóãåıÅié„Åj
[Begin Action 1200]
Clsn2: 3
 Clsn2[0] =-13,-85, 12,-50
 Clsn2[1] =  7,-91, 19,-77
Clsn2[2]=-22,-50, 25,  0
1200,  0,  0,  0,  4
Clsn2: 3
 Clsn2[0] =-10,-81, 19,-53
 Clsn2[1] = 17,-85, 29,-71
Clsn2[2]=-32,-54, 33,  0
1200,  1,  0,  0,  5
Clsn2: 3
 Clsn2[0] =  2,-79, 32,-48
 Clsn2[1] = 32,-80, 44,-66
Clsn2[2]=-30,-49, 48,  0
1200,  2,  0,  0,  8
Clsn2: 3
 Clsn2[0] = -4,-82, 25,-49
 Clsn2[1] = 21,-87, 33,-73
Clsn2[2]=-20,-52, 44,  0
1200,  3,  0,  0,  3
Clsn2: 3
 Clsn2[0] =-13,-79, 12,-53
 Clsn2[1] = -7,-91,  5,-77
Clsn2[2]=-31,-52, 37,  0
1200,  4,  0,  0,  3
Clsn2: 3
 Clsn2[0] =-17,-86,  9,-57
 Clsn2[1] =-11,-98,  1,-84
Clsn2[2]=-25,-57, 34, -1
1200,  5,  0,  0,  2
Clsn2: 3
 Clsn2[0] =-18,-89,  8,-60
 Clsn2[1] =-13,-102, -1,-88
Clsn2[2]=-23,-61, 32, -1
1200,  6,  0,  0,  4
Clsn2: 3
 Clsn2[0] =-18,-92,  6,-61
 Clsn2[1] =-13,-103, -1,-89
Clsn2[2]=-22,-62, 30, -1
1200,  7,  0,  0, 10
Clsn2: 3
 Clsn2[0] =-17,-84,  9,-55
 Clsn2[1] = -9,-95,  3,-81
Clsn2[2]=-25,-57, 34, -1
1200,  8,  0,  0,  4
Clsn2: 3
 Clsn2[0] =-16,-83, 10,-54
 Clsn2[1] =  1,-93, 13,-79
Clsn2[2]=-23,-54, 36, -1
1200,  9,  0,  0,  5
Clsn2: 3
 Clsn2[0] =-17,-78, 16,-47
 Clsn2[1] = 10,-87, 22,-73
Clsn2[2]=-27,-50, 24,  0
1200, 10,  0,  0,  5

;èPóãåıÅiã≠Åj
[Begin Action 1201]
Clsn2: 3
 Clsn2[0] =-13,-85, 12,-50
 Clsn2[1] =  7,-91, 19,-77
Clsn2[2]=-22,-50, 25,  0
1200,  0,  0,  0,  5
Clsn2: 3
 Clsn2[0] =-10,-81, 19,-53
 Clsn2[1] = 17,-85, 29,-71
Clsn2[2]=-32,-54, 33,  0
1200,  1,  0,  0,  6
Clsn2: 3
 Clsn2[0] =  2,-79, 32,-48
 Clsn2[1] = 32,-80, 44,-66
Clsn2[2]=-30,-49, 48,  0
1200,  2,  0,  0, 10
Clsn2: 3
 Clsn2[0] = -4,-82, 25,-49
 Clsn2[1] = 21,-87, 33,-73
Clsn2[2]=-20,-52, 44,  0
1200,  3,  0,  0,  3
Clsn2: 3
 Clsn2[0] =-13,-79, 12,-53
 Clsn2[1] = -7,-91,  5,-77
Clsn2[2]=-31,-52, 37,  0
1200,  4,  0,  0,  3
Clsn2: 3
 Clsn2[0] =-17,-86,  9,-57
 Clsn2[1] =-11,-98,  1,-84
Clsn2[2]=-25,-57, 34, -1
1200,  5,  0,  0,  2
Clsn2: 3
 Clsn2[0] =-18,-89,  8,-60
 Clsn2[1] =-13,-102, -1,-88
Clsn2[2]=-23,-61, 32, -1
1200,  6,  0,  0,  4
Clsn2: 3
 Clsn2[0] =-18,-92,  6,-61
 Clsn2[1] =-13,-103, -1,-89
Clsn2[2]=-22,-62, 30, -1
1200,  7,  0,  0,  8
Clsn2: 3
 Clsn2[0] =-17,-84,  9,-55
 Clsn2[1] = -9,-95,  3,-81
Clsn2[2]=-25,-57, 34, -1
1200,  8,  0,  0,  3
Clsn2: 3
 Clsn2[0] =-16,-83, 10,-54
 Clsn2[1] =  1,-93, 13,-79
Clsn2[2]=-23,-54, 36, -1
1200,  9,  0,  0,  4
Clsn2: 3
 Clsn2[0] =-17,-78, 16,-47
 Clsn2[1] = 10,-87, 22,-73
Clsn2[2]=-27,-50, 24,  0
1200, 10,  0,  0,  4

;èPóãåıÅEòA
[Begin Action 1210]
Clsn2: 3
 Clsn2[0] =-14,-82, 14,-51
 Clsn2[1] =  8,-90, 20,-76
Clsn2[2]=-24,-51, 33,  0
1201,  0,  0,  0,  3
Clsn2: 3
 Clsn2[0] =-10,-74, 18,-43
 Clsn2[1] = 12,-81, 24,-67
Clsn2[2]=-24,-46, 40,  0
1201,  1,  0,  0,  6
Clsn2: 3
 Clsn2[0] = -7,-72, 21,-41
 Clsn2[1] = 16,-78, 28,-64
Clsn2[2]=-26,-43, 38,  0
1201,  2,  0,  0,  4
Clsn2: 3
 Clsn2[0] = -9,-73, 19,-42
 Clsn2[1] = 15,-79, 27,-65
Clsn2[2]=-26,-43, 38,  0
1201,  3,  0,  0,  5
Clsn2: 3
 Clsn2[0] = -6,-77, 22,-44
 Clsn2[1] = 17,-83, 29,-69
Clsn2[2]=-26,-46, 39,  0
1201,  4,  0,  0, 10
Clsn2: 3
 Clsn2[0] =-14,-78, 17,-47
 Clsn2[1] = 10,-88, 22,-74
Clsn2[2]=-27,-50, 30,  0
1201,  5,  0,  0,  8
Clsn2: 3
 Clsn2[0] =-17,-86, 10,-50
 Clsn2[1] =  2,-93, 14,-79
Clsn2[2]=-29,-50, 27,  0
1201,  6,  0,  0,  4

;èPóãåıÅEçá
[Begin Action 1211]
Clsn2: 3
 Clsn2[0] =-28,-48, 44,  0
 Clsn2[1] = 30,-91, 42,-75
Clsn2[2]=  6,-79, 39,-39
1000,  0,  0,  0,  2
Clsn2: 3
 Clsn2[0] =-28,-40, 54,  0
 Clsn2[1] = 41,-78, 53,-62
Clsn2[2]= 16,-68, 49,-28
1000,  1,  0,  0,  2
Clsn2: 3
Clsn2[0]= 24,-78, 54,-41
Clsn2[1]= 46,-86, 60,-70
Clsn2[2]= -4,-54, 47,  0
1000,  2,  0,  0,  2
Clsn2: 3
Clsn2[0]= 24,-78, 54,-41
Clsn2[1]= 46,-86, 60,-70
Clsn2[2]= -4,-54, 47,  0
1000,  3,  0,  0,  1
Clsn2: 3
Clsn2[0]= 24,-78, 54,-41
Clsn2[1]= 46,-86, 60,-70
Clsn2[2]= -4,-54, 47,  0
1000,  4,  0,  0,  1
Clsn2: 3
Clsn2[0]= 24,-78, 54,-41
Clsn2[1]= 46,-86, 60,-70
Clsn2[2]= -4,-54, 47,  0
1000,  5,  0,  0,  1
Clsn2: 3
Clsn2[0]= 24,-78, 54,-41
Clsn2[1]= 46,-86, 60,-70
Clsn2[2]= -4,-54, 47,  0
1000,  5,  0,  0,  1
Clsn2: 3
Clsn2[0]= 24,-78, 54,-41
Clsn2[1]= 46,-86, 60,-70
Clsn2[2]= -4,-54, 47,  0
1000, 15,  0,  0,  1
Clsn1: 1
Clsn1[0]= -8,-58, 41,-24
Clsn2: 3
Clsn2[0]= -8,-62, 22,-30
Clsn2[1]= 14,-68, 28,-52
Clsn2[2]=-48,-34, 32, -1
1000,  6,  0,  0,  5
Clsn2: 3
Clsn2[0]= -8,-62, 22,-30
Clsn2[1]= 14,-68, 28,-52
Clsn2[2]=-48,-34, 32, -1
1000,  7,  0,  0,  8
Clsn2: 3
Clsn2[0]= -8,-62, 22,-30
Clsn2[1]= 14,-68, 28,-52
Clsn2[2]=-48,-34, 32, -1
1000,  8,  0,  0,  8
Clsn2: 3
Clsn2[0]= -9,-68, 23,-32
Clsn2[1]= 16,-74, 30,-56
Clsn2[2]=-48,-38, 32, -1
1000,  9,  0,  0, 33
Clsn2: 3
Clsn2[0]= -9,-68, 23,-32
Clsn2[1]= 16,-74, 30,-56
Clsn2[2]=-48,-38, 32, -1
1000, 10,  0,  0,  8
Clsn2: 2
 Clsn2[0] =  0,-103, 13,-88
 Clsn2[1] =-15,-91, 15,  0
195, 17,  0,  0,  7
Clsn2: 3
Clsn2[0]=  1,-89, 15,-73
Clsn2[1]=-20,-82, 11,-47
Clsn2[2]=-36,-49, 27, -2
195, 18,  0,  0,  6

[Begin Action 1250]
1250,  0,  0,  0,  2
1250,  1,  0,  0,  2
Loopstart
Clsn1Default: 1
 Clsn1[0] =-35,-44,  0,  1
Clsn2Default: 1
 Clsn2[0] =-43,-64,  2,  1
1250,  2,  0,  0,  3
1250,  3,  0,  0,  3
1250,  4,  0,  0,  3

[Begin Action 1251]
1251,  0,  0,  0,  2
1251,  1,  0,  0,  2
1251,  2,  0,  0,  2
1251,  3,  0,  0,  2
1251,  4,  0,  0,  2

[Begin Action 1252]
1251,  1, -6, 22,  2
1251,  2, -7, 25,  2
1251,  3, -9, 28,  3
1251,  4,-11, 33,  4

[Begin Action 1320]
1310,  0,  0,  0,  3
1310,  1,  0,  0,  3
1310,  2,  0,  0,  3
1310,  0,  0,  0,  3,HV
1310,  1,  0,  0,  3,HV
1310,  0,  0,  0,  3
1310,  1,  0,  0,  3
1310,  2,  0,  0,  3
1310,  0,  0,  0,  3,HV
1310,  1,  0,  0,  3,HV
1310,  2,  0,  0,  3,HV
1310,  0,  0,  0,  3
1310,  1,  0,  0,  3
1310,  2,  0,  0,  3
1310,  0,  0,  0,  3,HV
1310,  1,  0,  0,  3,HV
1310,  2,  0,  0,  3,HV
1310,  2,  0,  0,  3,HV
1310,  0,  0,  0,  3
1310,  1,  0,  0,  3
1310,  2,  0,  0,  3
1310,  0,  0,  0,  3,HV
1310,  1,  0,  0,  3,HV
1310,  2,  0,  0,  3,HV
1310,  0,  0,  0,  3
1310,  1,  0,  0,  3
1310,  2,  0,  0,  3
1310,  0,  0,  0,  3,HV
1310,  1,  0,  0,  3,HV
1310,  2,  0,  0,  3,HV

[Begin Action 1321]
1311,  0,  0,  0,  5
1311,  1,  0,  0,  4
1311,  2,  0,  0,  8

;ñ“óãè∂Åié„Åj
[Begin Action 1400]
Clsn2: 3
Clsn2[0]=  3,-94, 16,-79
Clsn2[1]=-11,-85, 13,-51
Clsn2[2]=-23,-52, 26,  0
800,  0,  0,  0,  3
Clsn1: 1
Clsn1[0]= 19,-98, 61,-57
Clsn2: 4
Clsn2[0]= 17,-94, 30,-79
Clsn2[1]=  0,-84, 24,-50
Clsn2[2]=-18,-52, 35,  0
Clsn2[3]= 22,-91, 48,-63
800,  1,  0,  0,  5
Clsn2: 3
Clsn2[0]= 23,-86, 36,-71
Clsn2[1]=  6,-80, 30,-46
Clsn2[2]=-18,-52, 38,  0
260,  1,  0,  0,  3
Clsn2: 3
Clsn2[0]= 15,-89, 28,-74
Clsn2[1]= -1,-81, 23,-47
Clsn2[2]=-18,-52, 35,  0
260,  0,  0,  0, 10
Clsn2: 3
Clsn2[0]= 17,-94, 30,-79
Clsn2[1]= -3,-84, 21,-50
Clsn2[2]=-18,-52, 35,  0
200,  4,  0,  0,  5
Clsn2: 3
Clsn2[0]= 12,-94, 25,-79
Clsn2[1]= -8,-84, 17,-50
Clsn2[2]=-27,-52, 30,  0
200,  5,  0,  0,  5

;ñ“óãè∂Åiã≠Åj
[Begin Action 1401]
Clsn2: 3
Clsn2[0]=  3,-94, 16,-79
Clsn2[1]=-11,-85, 13,-51
Clsn2[2]=-23,-52, 26,  0
200,  0,  0,  0,  5
Clsn2: 3
Clsn2[0]=  3,-94, 16,-79
Clsn2[1]=-11,-85, 13,-51
Clsn2[2]=-23,-52, 26,  0
800,  0,  0,  0,  5
Clsn1: 1
Clsn1[0]= 19,-98, 61,-57
Clsn2: 4
Clsn2[0]= 17,-94, 30,-79
Clsn2[1]=  0,-84, 24,-50
Clsn2[2]=-18,-52, 35,  0
Clsn2[3]= 22,-91, 48,-63
800,  1,  0,  0, 10
Clsn2: 3
Clsn2[0]= 23,-86, 36,-71
Clsn2[1]=  6,-80, 30,-46
Clsn2[2]=-18,-52, 38,  0
260,  1,  0,  0,  6
Clsn2: 3
Clsn2[0]= 15,-89, 28,-74
Clsn2[1]= -1,-81, 23,-47
Clsn2[2]=-18,-52, 35,  0
260,  0,  0,  0, 12
Clsn2: 3
Clsn2[0]= 17,-94, 30,-79
Clsn2[1]= -3,-84, 21,-50
Clsn2[2]=-18,-52, 35,  0
200,  4,  0,  0,  7
Clsn2: 3
Clsn2[0]= 12,-94, 25,-79
Clsn2[1]= -8,-84, 17,-50
Clsn2[2]=-27,-52, 30,  0
200,  5,  0,  0,  5

[Begin Action 1405]
800,  2,-21,  0,  6
800,  3,-21,  0,  7
800,  4,-21,  0,  5
1305,  0,  0,  0,  5
1305,  1,  0,  0,  8
1305,  2,  0,  0,  7
1305,  3,  0,  0,  7
1305,  4,  0,  0,  7
1305,  2,  0,  0,  7
1305,  3,  0,  0,  7
1305,  4,  0,  0,  7
1305,  2,  0,  0,  7
1305,  3,  0,  0,  7
1305,  4,  0,  0,  7
1305,  2,  0,  0,  7
1305,  3,  0,  0,  7
1305,  4,  0,  0,  7
1305,  5,  0,  0,  4
1305,  6,  0,  0,  7
1305,  7,  0,  0, 12
1305,  8,  0,  0,  8
800, 14,-21,  0,  8
Clsn2: 3
 Clsn2[0] = -4,-84, 27,-39
 Clsn2[1] = 21,-90, 33,-76
Clsn2[2]=-17,-47, 43,  0
  0,  0, 14,  0,  1

[Begin Action 1410]
5032,  0,  0,  0,  6
5062,  0,  0,  0,  6
5062,  0,  0,  0,  5
5062,  0,  0,  0,  5
5062,  0,  0,  0,  8
5062,  0,  0,  0, 80
5032, 10,  0,  0,  5
5032, 40,-14, 16, -1

;çÑóãí∆
[Begin Action 1450]
1305,  2,  0,  0,  4
1305,  3,  0,  0,  5
1305,  4,  0,  0,  6
1305,  3,  0,  0, 10
1305,  1,  0,  0, 19
1305,  2,  0,  0,  5
1350,  0,  0,  0,  9
1350,  1,  0,  0,  7
1350,  2,  0,  0,  5
Clsn1: 1
Clsn1[0]=-88,-49,-66,-11
1350,  3,  0,  0,  3
Clsn1: 1
Clsn1[0]=-86,-46,-58,  1
1350,  4,  0,  0,  5
1350,  5,  0,  0,  7
1350,  6,  0,  0,  6
1350,  7,  0,  0,  6
1350,  8,  0,  0,  4
1350,  9,  0,  0,  4
1350, 10,  0,  0,  4
800, 14, 26,  0,  4,H
Clsn2: 3
 Clsn2[0] = -6,-84, 25,-39
 Clsn2[1] =-12,-90,  0,-76
Clsn2[2]=-19,-47, 41,  0
  0,  0, 14,  0,  1,H

[Begin Action 1460]
5062,  0,  0,  0, 25
5062,  0,  0,  0, 19
5032,  0,  0,  0,  5
5032, 20,  0,  0,  9,HV
5032, 10,  0,  0,  7,HV
5032, 10,  0,  0,  5,HV
5032, 50,  0,  0,  8
5030, 20,  0,  0,  5
5030, 30,-14, 16, -1

[Begin Action 1461]
Clsn2: 1
 Clsn2[0] =-22,-87, 18,-33
5030, 20,  0,  0,  3
Clsn2: 1
 Clsn2[0] =-33,-76, 25,-40
5030, 30,  0,  0, -1

;èPóãåıÅEçå
[Begin Action 3000]
1200,  0,  0,  0,  2
1200,  1,  0,  0,  2
1200,  2,  0,  0, 30
Clsn2: 3
Clsn2[0]= 20,-90, 33,-72
Clsn2[1]=  0,-83, 24,-49
Clsn2[2]=-21,-52, 39,  0
1200,  3,  0,  0,  3
Clsn2: 3
Clsn2[0]=-13,-99,  1,-84
Clsn2[1]=-16,-87,  9,-60
Clsn2[2]=-14,-65, 19,  0
1100,  1,  0,  0,  3
Clsn1: 1
Clsn1[0]=  6,-115, 52,-39
Clsn2: 3
Clsn2[0]=-14,-125,  0,-106
Clsn2[1]=-16,-113, 13,-35
Clsn2[2]= -3,-110, 22,-72
1100,  2,  0,  0,  3
Clsn1: 1
Clsn1[0]=  6,-115, 40,-55
Clsn2: 3
Clsn2[0]=-14,-125,  0,-106
Clsn2[1]=-16,-113, 13,-35
Clsn2[2]= -3,-110, 22,-72
1100,  3,  0,  0,  8
Clsn2: 2
Clsn2[0]=-14,-125,  0,-106
Clsn2[1]=-16,-113, 13,-35
1100,  4,  0,  0,  5
Clsn2: 2
Clsn2[0]=-14,-125,  0,-106
Clsn2[1]=-18,-113, 13,-12
1100,  5,  0,  0,  5
Clsn2: 2
Clsn2[0]=-17,-121, -2,-106
Clsn2[1]=-19,-111, 14,-22
3000,  0,  0,  0,  3
Clsn2: 2
Clsn2[0]=-17,-121, -2,-106
Clsn2[1]=-19,-111, 14,-22
3000,  1,  0,  0,  3
Clsn2: 2
Clsn2[0]=-17,-121, -2,-106
Clsn2[1]=-19,-111, 14,-22
3000,  2,  0,  0,  3
Clsn2: 2
Clsn2[0]=-16,-125, -1,-110
Clsn2[1]=-19,-111, 16,-21
3000,  3,  0,  0,  3
Clsn2: 2
Clsn2[0]=-12,-129,  1,-113
Clsn2[1]=-22,-119, 14,-23
3000,  4,  0,  0, 10
Clsn2: 2
Clsn2[0]=-15,-128, -2,-112
Clsn2[1]=-23,-120, 13,-24
3000,  5,  0,  0,  8
Loopstart
Clsn1Default: 1
Clsn1[0]= 24,-117, 54,-59
Clsn2Default: 3
Clsn2[0]= 10,-111, 25,-95
Clsn2[1]=-13,-122, 26,-82
Clsn2[2]=-26,-93, 30,-46
3000,  6,  0,  0,  4
3000,  7,  0,  0,  4

[Begin Action 3001]
Clsn2: 3
Clsn2[0]= 18,-70, 34,-51
Clsn2[1]=-41,-43, 34,  0
Clsn2[2]= -9,-75, 22,-32
3000,  8,  0,  0,  3
Clsn2: 3
Clsn2[0]= 18,-70, 34,-51
Clsn2[1]=-41,-43, 34,  0
Clsn2[2]= -9,-75, 22,-32
3000,  9,  0,  0,  3
Clsn2: 3
Clsn2[0]= 18,-70, 34,-51
Clsn2[1]=-41,-43, 34,  0
Clsn2[2]= -9,-75, 22,-32
3000, 10,  0,  0,  4
Clsn2: 3
Clsn2[0]= 18,-70, 34,-51
Clsn2[1]=-41,-43, 34,  0
Clsn2[2]= -9,-75, 22,-32
3000, 11,  0,  0, 13
Clsn2: 3
Clsn2[0]=-10,-81,  6,-62
Clsn2[1]=-41,-43, 34,  0
Clsn2[2]=-12,-75, 19,-32
3000, 12,  0,  0,  5
Clsn2: 3
Clsn2[0]=-16,-82,  0,-63
Clsn2[1]=-42,-43, 33,  0
Clsn2[2]=-18,-75, 13,-32
3000, 13,  0,  0,  7
Clsn2: 3
Clsn2[0]=-23,-77, -7,-58
Clsn2[1]=-44,-43, 31,  0
Clsn2[2]=-19,-72, 12,-32
3000, 14,  0,  0,  4
Clsn2: 3
Clsn2[0]=-28,-75,-12,-56
Clsn2[1]=-44,-43, 31,  0
Clsn2[2]=-23,-72,  8,-32
3000, 15,  0,  0,  3
Clsn2: 3
Clsn2[0]=-28,-75,-12,-56
Clsn2[1]=-44,-43, 31,  0
Clsn2[2]=-23,-72,  8,-32
3000, 16,  0,  0,  4
Clsn2: 3
Clsn2[0]=-28,-75,-12,-56
Clsn2[1]=-44,-43, 31,  0
Clsn2[2]=-23,-72,  8,-32
3000, 17,  0,  0,  4
Clsn2: 3
Clsn2[0]=-28,-75,-12,-56
Clsn2[1]=-44,-43, 31,  0
Clsn2[2]=-23,-72,  8,-32
3000, 16,  0,  0,  4
Clsn2: 3
Clsn2[0]=-28,-75,-12,-56
Clsn2[1]=-44,-43, 31,  0
Clsn2[2]=-23,-72,  8,-32
3000, 17,  0,  0,  5
Clsn2: 3
Clsn2[0]=-28,-75,-12,-56
Clsn2[1]=-44,-43, 31,  0
Clsn2[2]=-23,-72,  8,-32
3000, 16,  0,  0,  6
Clsn2: 3
Clsn2[0]=-28,-75,-12,-56
Clsn2[1]=-44,-43, 31,  0
Clsn2[2]=-23,-72,  8,-32
3000, 17,  0,  0,  6
Clsn2: 3
Clsn2[0]=-28,-75,-12,-56
Clsn2[1]=-44,-43, 31,  0
Clsn2[2]=-23,-72,  8,-32
3000, 18,  0,  0,  6
Clsn2: 3
Clsn2[0]=-28,-75,-12,-56
Clsn2[1]=-44,-43, 31,  0
Clsn2[2]=-23,-72,  8,-32
3000, 19,  0,  0,  9
Clsn2: 3
Clsn2[0]=-31,-86,-15,-67
Clsn2[1]=-39,-43, 30,  0
Clsn2[2]=-26,-79,  5,-39
3000, 20,  0,  0,  7
Clsn2: 2
Clsn2[0]=-27,-94,-11,-79
Clsn2[1]=-24,-87, 12,  0
3000, 21,  0,  0,  5
Clsn2: 2
Clsn2[0]=-13,-109,  3,-94
Clsn2[1]=-24,-98, 12,  0
3000, 22,  0,  0,  6
Clsn2: 2
Clsn2[0]= -7,-107,  9,-92
Clsn2[1]=-21,-98, 15,  0
3000, 23,  0,  0,  7
Clsn2: 2
Clsn2[0]= -7,-107,  9,-92
Clsn2[1]=-21,-98, 15,  0
3000, 24,  0,  0,  7
Clsn2: 2
Clsn2[0]=  4,-98, 20,-83
Clsn2[1]=-13,-87, 19,  0
3000, 25,  0,  0,  5
Clsn2: 3
 Clsn2[0] =-19,-85, 14,-47
 Clsn2[1] =  6,-94, 18,-80
Clsn2[2]=-27,-50, 24,  0
215,  7,  0,  0,  3

[Begin Action 3005]
3005,  0,  0,  0,  3
3005,  1,  0,  0,  3
Clsn1: 3
Clsn1[0]=-42,-50, 22,  0
Clsn1[1]=-32,-98, 30,-48
Clsn1[2]=-24,-146, 37,-96
Clsn2: 1
Clsn2[0]=-72,-146, 22,  0
3005,  2,  0,  0,  4
Clsn1: 3
Clsn1[0]=-42,-50, 22,  0
Clsn1[1]=-32,-98, 30,-48
Clsn1[2]=-24,-146, 37,-96
Clsn2: 1
Clsn2[0]=-72,-146, 22,  0
3005,  3,  0,  0,  3
Clsn1: 3
Clsn1[0]=-42,-50, 33,  0
Clsn1[1]=-32,-98, 38,-48
Clsn1[2]=-24,-146, 44,-96
Clsn2: 1
Clsn2[0]=-72,-146, 29,  0
3005,  4,  0,  0,  4
3005,  4,  0,  0,  2
Clsn1: 3
Clsn1[0]=-13,-50, 10,  0
Clsn1[1]=-11,-98, 12,-48
Clsn1[2]= -8,-146, 14,-96
Clsn2: 1
Clsn2[0]=-15,-146, 13,  0
3005,  5,  0,  0,  5
3005,  6,  0,  0,  7
3005,  7,  0,  0,  7

;óêîjóãéU
[Begin Action 3100]
3100,  0,  0,  0,  4
3100,  1,  0,  0, 30
Clsn2: 3
Clsn2[0]= 36,-82, 49,-65
Clsn2[1]=  1,-74, 44,-33
Clsn2[2]=-32,-41, 52,  0
3100,  2,  0,  0,  4
Clsn1: 1
Clsn1[0]=  4,-76, 54,-16
Clsn2: 3
Clsn2[0]= 30,-83, 45,-67
Clsn2[1]=  0,-80, 32,-47
Clsn2[2]=-38,-50, 30,  0
3100,  4,  0,  0,  3
Clsn1: 1
Clsn1[0]= 20,-76, 54,-16
Clsn2: 3
Clsn2[0]= 30,-83, 45,-67
Clsn2[1]=  0,-80, 32,-47
Clsn2[2]=-38,-50, 30,  0
3100,  3,  0,  0, 12
Clsn2: 3
Clsn2[0]= 36,-82, 49,-65
Clsn2[1]=  1,-74, 44,-33
Clsn2[2]=-32,-41, 52,  0
3100,  1,  0,  0,  4
Clsn2: 3
Clsn2[0]= 36,-82, 49,-65
Clsn2[1]=  1,-74, 44,-33
Clsn2[2]=-32,-41, 52,  0
3100,  2,  0,  0,  5
Clsn2: 3
Clsn2[0]= 16,-76, 29,-59
Clsn2[1]=-18,-71, 25,-30
Clsn2[2]=-42,-41, 42,  0
3100,  7,-15,  0,  7
Clsn2: 3
Clsn2[0]= 13,-69, 26,-52
Clsn2[1]=-13,-63, 19,-34
Clsn2[2]=-32,-41, 24,  0
5030, 69,  0,  0, 11
Clsn2: 3
Clsn2[0]=  4,-84, 17,-67
Clsn2[1]=-23,-80,  9,-39
Clsn2[2]=-41,-41, 25,  0
5030, 70,  0,  0,  5

[Begin Action 3101]
3100,  5,  0,  0,  5
3100,  6,  0,  0,  5
3100,  7,  0,  0, 10
3100,  5,  0,  0,  4
3100,  6,  0,  0,  5
3100,  7,  0,  0,  8
3100,  5,  0,  0,  4
3100,  6,  0,  0,  5
3100,  7,  0,  0,  9
3100,  5,  0,  0,  4
3100,  6,  0,  0,  5
3100,  7,  0,  0,  9
3100,  5,  0,  0,  4
3100,  6,  0,  0,  5
3100,  7,  0,  0, 10
5030,  0,  0,  0,  1
5030,  0,  0,  0, -1

[Begin Action 3102]
3101,  5,  0,  0,  5
3101,  6,  0,  0,  5
3101,  7,  0,  0, 10
3101,  5,  0,  0,  4
3101,  6,  0,  0,  5
3101,  7,  0,  0,  9
3101,  5,  0,  0,  4
3101,  6,  0,  0,  5
3101,  7,  0,  0,  9
3101,  5,  0,  0,  4
3101,  6,  0,  0,  5
3101,  7,  0,  0,  9
3101,  5,  0,  0,  4
3101,  6,  0,  0,  5
3101,  7,  0,  0,  9
3101,  5,  0,  0,  1

[Begin Action 3103]
3102,  0,  0,  0,  2
3102,  1,  0,  0,  2
3102,  2,  0,  0,  3
3102,  3,  0,  0,  3
3102,  4,  0,  0,  2

[Begin Action 3104]
3103,  0,  0,  0,  2
3103,  1,  0,  0,  2
3103,  2,  0,  0,  3
3103,  3,  0,  0,  3
3103,  4,  0,  0,  2

[Begin Action 3105]
3105, -1,  0,  0,  3
3105,  0,  0,  0,  3
3105,  1,  0,  0,  4
3105,  2,  0,  0,  2
3105,  3,  0,  0,  2
3105,  4,  0,  0,  3
3105,  5,  0,  0,  4
3105,  6,  0,  0,  4

;óêîjóãéUÅiéÛÅj
[Begin Action 3110]
5031,  0,  0, -2,  5
5031,  0,  0,  2,  5
5031,  0,  0,  0, 10
5031,  0,  0, -3,  4
5031,  0,  0,  3,  5
5031,  0,  0,  0,  8
5031,  0,  0, -3,  4
5031,  0,  0,  3,  5
5031,  0,  0,  0,  9
5031,  0,  0, -3,  4
5031,  0,  0,  3,  5
5031,  0,  0,  0,  9
5031,  0,  0, -3,  4
5031,  0,  0,  3,  5
5031,  0,  0,  0,  9
5031,  0,  0,  0,  2
5030, 10,  0,  0,  3
5030, 20,  0,  0,  3
5030, 30,  0,  0,  3
5030, 40,  0,  0, -1

;êvóãî≠îj
[Begin Action 3150]
3150, -1,  0,  0, 20
3150,  0,  0,  0,  4
3150,  1,  0,  0,  5
3150,  2,  0,  0,  4
3150,  3,  0,  0,  3
3150,  4,  0,  0,  3
3150,  3,  0,  0,  3
3150,  4,  0,  0,  3
3150,  3,  0,  0,  3
3150,  4,  0,  0,  3
3150,  3,  0,  0,  3
3150,  4,  0,  0,  3
3150,  3,  0,  0,  3
3150,  4,  0,  0,  3
3150,  5,  0,  0, 55

[Begin Action 3151]
3150,  6,  0,  0, 13
3150,  6,  0,  0,  4
3150,  7,  0,  0,  4
3150,  8,  0,  0,  4
3150,  9,  0,  0,  3
3150, 10,  0,  0,  3
3150,  9,  0,  0,  3
3150, 10,  0,  0,  5
3150,  9,  0,  0,  6
3150, 10,  0,  0, 15
250, 11,  0,  0,  5
200,  5,  0,  0,  5

[Begin Action 3152]
3150, -1,  0,  0, 20
Loopstart
3155,  0,  0,  0,  3
3155,  1,  0,  0,  3
3155,  2,  0,  0,  3
3155,  3,  0,  0,  3
3155,  4,  0,  0,  3
3155,  1,  0,  0,  3
3155,  2,  0,  0,  3
3155,  3,  0,  0,  3
3155,  4,  0,  0,  3
3155,  1,  0,  0,  3
3155,  2,  0,  0,  3
3155,  3,  0,  0,  3
3155,  4,  0,  0,  3

[Begin Action 3153]
4110,  0,  0,  0,  2
4110,  1,  0,  0,  2
4110,  2,  0,  0,  2
4110,  3,  0,  0,  2
4110,  4,  0,  0,  2
4110,  5,  0,  0,  2
4110,  6,  0,  0,  2
4110,  0,  0,  0,  2
4110,  1,  0,  0,  2
4110,  2,  0,  0,  2
4110,  3,  0,  0,  2
4110,  4,  0,  0,  2
4110,  5,  0,  0,  2
4110,  6,  0,  0,  2
4110,  0,  0,  0,  2
4110,  1,  0,  0,  2
4110,  2,  0,  0,  2
4110,  3,  0,  0,  2
4110,  4,  0,  0,  2
4110,  5,  0,  0,  2
4110,  6,  0,  0,  2
4110,  0,  0,  0,  2
4110,  1,  0,  0,  2
4110,  2,  0,  0,  2
4110,  3,  0,  0,  2
4110,  4,  0,  0,  2
4110,  5,  0,  0,  2
4110,  6,  0,  0,  2

[Begin Action 3155]
3150,  4,  0,  0, 30
3150,  5,  0,  0, 80

[Begin Action 3156]
3155,  3,  0,  0,  3
3155,  4,  0,  0,  3
3155,  2,  0,  0,  3
3155,  5,  0,  0,  3
3155,  6,  0,  0,  3
3155,  7,  0,  0,  3
3155,  5,  0,  0,  3
3155,  6,  0,  0,  3
3155,  7,  0,  0,  3
3155,  5,  0,  0,  3
3155,  6,  0,  0,  3
3155,  7,  0,  0,  3
3155,  5,  0,  0,  3
3155,  6,  0,  0,  3
3155,  7,  0,  0,  3
3155,  5,  0,  0,  3
3155,  6,  0,  0,  3
3155,  7,  0,  0,  3
3155,  6,  0,  0,  3
3155,  7,  0,  0,  3
3155,  5,  0,  0,  3
3155,  5,  0,  0,  3
3155,  6,  0,  0,  3
3155,  7,  0,  0,  3
3155,  6,  0,  0,  3

;êvóãî≠îjÅiéÛÅj
[Begin Action 3160]
5032,  0,  0,  0,100
5032, 10,  0,  0, 30
5032, 10,  0,  0, -1

[Begin Action 3161]
5032,  0,  0,  0,  3
5032, 10,  0,  0, -1

;å’âÂóãçcéa
[Begin Action 3200]
Clsn2: 3
Clsn2[0]= 27,-106, 38,-93
Clsn2[1]=  9,-100, 32,-63
Clsn2[2]=  0,-67, 42,  0
193,  0,  0,  0,  3
Clsn2: 3
Clsn2[0]= 16,-97, 29,-80
Clsn2[1]= -5,-93, 21,-56
Clsn2[2]=-16,-62, 23,  0
1350, 10,-16,  0,  3,H
Clsn1: 1
Clsn1[0]=-50,-114, 50,  1
Clsn2: 3
Clsn2[0]= -3,-111, 10,-95
Clsn2[1]=-12,-99, 14,-69
Clsn2[2]=-21,-73, 30,  1
2000,  1,  0,  0,  2
Clsn1: 1
Clsn1[0]=-50,-114, 50,  1
Clsn2: 3
Clsn2[0]= -3,-111, 10,-95
Clsn2[1]=-12,-99, 14,-69
Clsn2[2]=-21,-73, 30,  1
2000,  0,  0,  0, 30
Clsn2: 3
Clsn2[0]= -3,-111, 10,-95
Clsn2[1]=-12,-99, 14,-69
Clsn2[2]=-21,-73, 30,  1
2000,  1,  0,  0,  3
Clsn2: 3
Clsn2[0]= -3,-111, 10,-95
Clsn2[1]=-12,-99, 14,-69
Clsn2[2]=-21,-73, 30,  1
2000,  0,  0,  0,  3
Clsn2: 3
Clsn2[0]= -3,-111, 10,-95
Clsn2[1]=-12,-99, 14,-69
Clsn2[2]=-21,-73, 30,  1
2000,  2,  0,  0,  5
Clsn2: 3
Clsn2[0]= -3,-88, 10,-72
Clsn2[1]=-10,-78, 16,-48
Clsn2[2]=-29,-53, 30,  1
3200,  0,  0,  0,  4
Clsn2: 3
Clsn2[0]= -3,-88, 10,-72
Clsn2[1]=-10,-78, 16,-48
Clsn2[2]=-29,-53, 30,  1
3200,  1,  0,  0, 15
Clsn2: 3
Clsn2[0]= -9,-94,  2,-78
Clsn2[1]=-15,-86, 10,-54
Clsn2[2]=-27,-56, 25,  1
3200,  2,  0,  0,  3
Clsn1: 1
Clsn1[0]=  7,-167, 47,-18
Clsn2: 3
Clsn2[0]= -8,-131, 11,-114
Clsn2[1]=-18,-120, 25,-12
Clsn2[2]= -3,-159, 32,-102
3200,  3,  0,  0, 12
3200,  3,  0,  0,  1

[Begin Action 3201]
Clsn1Default: 2
Clsn1[0]=  9,-107, 63,-37
Clsn1[1]= 21,-130, 63,-76
Clsn2Default: 2
Clsn2[0]=-17,-95, 24,-29
Clsn2[1]=  4,-100, 40,-58
3200,  4,  0,  0,  3
3200,  5,  0,  0,  3

[Begin Action 3202]
Clsn2: 2
Clsn2[0]= -8,-55,  9,-35
Clsn2[1]=-26,-49, 22,  1
3200,  6,  0,  0,  4
Clsn2: 2
Clsn2[0]= -8,-55,  9,-35
Clsn2[1]=-26,-49, 22,  1
3200,  7,  0,  0,  4
Clsn2: 2
Clsn2[0]= -8,-55,  9,-35
Clsn2[1]=-26,-49, 22,  1
3200,  8,  0,  0,  9
Clsn2: 2
Clsn2[0]= -8,-55,  9,-35
Clsn2[1]=-26,-49, 22,  1
3200,  9,  0,  0, 12
Clsn2: 2
Clsn2[0]= -8,-55,  9,-35
Clsn2[1]=-26,-49, 22,  1
3200, 10,  0,  0, 60
Clsn2: 2
Clsn2[0]= -3,-69, 14,-49
Clsn2[1]=-26,-60, 22,  1
3200, 11,  0,  0, 10
Clsn2: 3
Clsn2[0]= -7,-80, 10,-60
Clsn2[1]=-32,-44, 31,  1
Clsn2[2]=-15,-70, 17,-37
3200, 12,  0,  0,  5
Clsn2: 2
Clsn2[0]=  4,-95, 16,-80
Clsn2[1]=-19,-88, 18,  0
250, 11,  0,  0,  5
Clsn2: 2
Clsn2[0]=-19,-102, 16,  0
Clsn2[1]= -7,-116, 10,-98
3200, 13,  0,  0,  6
Clsn2: 3
 Clsn2[0] =-13,-87, 20,-49
 Clsn2[1] = 10,-96, 22,-82
Clsn2[2]=-27,-50, 24,  0
245,  7,-13,  0,  4

[Begin Action 3205]
3201,  0,  0,  0,  4
3201,  1,  0,  0,  4
3201,  2,  0,  0,  4
3201,  3,  0,  0,  6
3201,  4,  0,  0,  6

;ã…ÅEå’âÂóãçcéa
[Begin Action 3210]
Clsn2: 3
Clsn2[0]= 27,-106, 38,-93
Clsn2[1]=  9,-100, 32,-63
Clsn2[2]=  0,-67, 42,  0
193,  0,  0,  0,  3
Clsn2: 3
Clsn2[0]= 16,-97, 29,-80
Clsn2[1]= -5,-93, 21,-56
Clsn2[2]=-16,-62, 23,  0
1350, 10,-16,  0,  3,H
Clsn1: 1
Clsn1[0]=-50,-114, 50,  1
Clsn2: 3
Clsn2[0]= -3,-111, 10,-95
Clsn2[1]=-12,-99, 14,-69
Clsn2[2]=-21,-73, 30,  1
2000,  1,  0,  0,  2
Clsn1: 1
Clsn1[0]=-50,-114, 50,  1
Clsn2: 3
Clsn2[0]= -3,-111, 10,-95
Clsn2[1]=-12,-99, 14,-69
Clsn2[2]=-21,-73, 30,  1
2000,  0,  0,  0, 30
Clsn2: 3
Clsn2[0]= -3,-111, 10,-95
Clsn2[1]=-12,-99, 14,-69
Clsn2[2]=-21,-73, 30,  1
2000,  1,  0,  0,  3
Clsn2: 3
Clsn2[0]= -3,-111, 10,-95
Clsn2[1]=-12,-99, 14,-69
Clsn2[2]=-21,-73, 30,  1
2000,  0,  0,  0,  3
Clsn2: 3
Clsn2[0]= -3,-111, 10,-95
Clsn2[1]=-12,-99, 14,-69
Clsn2[2]=-21,-73, 30,  1
2000,  2,  0,  0,  5
Clsn2: 3
Clsn2[0]= -3,-88, 10,-72
Clsn2[1]=-10,-78, 16,-48
Clsn2[2]=-29,-53, 30,  1
3210,  0,  0,  0,  4
Clsn2: 3
Clsn2[0]= -3,-88, 10,-72
Clsn2[1]=-10,-78, 16,-48
Clsn2[2]=-29,-53, 30,  1
3210,  1,  0,  0, 15
Clsn2: 3
Clsn2[0]= -9,-94,  2,-78
Clsn2[1]=-15,-86, 10,-54
Clsn2[2]=-27,-56, 25,  1
3210,  2,  0,  0,  3
Clsn1: 1
Clsn1[0]=  7,-167, 47,-18
Clsn2: 3
Clsn2[0]= -8,-131, 11,-114
Clsn2[1]=-18,-120, 25,-12
Clsn2[2]= -3,-159, 32,-102
3210,  3,  0,  0, 12
3210,  3,  0,  0,  1

[Begin Action 3211]
Clsn1Default: 2
Clsn1[0]=  4,-107, 77,-21
Clsn1[1]= 21,-147, 71,-76
Clsn2Default: 2
Clsn2[0]=-17,-95, 24,-29
Clsn2[1]=  4,-100, 40,-58
3210,  4,  0,  0,  3
3210,  5,  0,  0,  3

[Begin Action 3212]
Clsn2: 2
Clsn2[0]= -8,-55,  9,-35
Clsn2[1]=-26,-49, 22,  1
3210,  6,  0,  0,  4
Clsn2: 2
Clsn2[0]= -8,-55,  9,-35
Clsn2[1]=-26,-49, 22,  1
3210,  7,  0,  0,  4
Clsn2: 2
Clsn2[0]= -8,-55,  9,-35
Clsn2[1]=-26,-49, 22,  1
3200,  8,  0,  0,  9
Clsn2: 2
Clsn2[0]= -8,-55,  9,-35
Clsn2[1]=-26,-49, 22,  1
3200,  9,  0,  0, 12
Clsn2: 2
Clsn2[0]= -8,-55,  9,-35
Clsn2[1]=-26,-49, 22,  1
3200, 10,  0,  0, 60
Clsn2: 2
Clsn2[0]= -3,-69, 14,-49
Clsn2[1]=-26,-60, 22,  1
3200, 11,  0,  0, 10
Clsn2: 3
Clsn2[0]= -7,-80, 10,-60
Clsn2[1]=-32,-44, 31,  1
Clsn2[2]=-15,-70, 17,-37
3200, 12,  0,  0,  5
Clsn2: 2
Clsn2[0]=  4,-95, 16,-80
Clsn2[1]=-19,-88, 18,  0
250, 11,  0,  0,  5
Clsn2: 2
Clsn2[0]=-19,-102, 16,  0
Clsn2[1]= -7,-116, 10,-98
3200, 13,  0,  0,  6
Clsn2: 3
 Clsn2[0] =-13,-87, 20,-49
 Clsn2[1] = 10,-96, 22,-82
Clsn2[2]=-27,-50, 24,  0
245,  7,-13,  0,  4

;HeroicFinish
[Begin Action 3500]
3300,  0,  0,  0,  5
3300,  1,  0,  0,  5
3300,  0,  0,  0,  5
3300,  1,  0,  0,  5
3300,  0,  0,  0,  5
3300,  1,  0,  0,  5
3300,  0,  0,  0,  5
3300,  1,  0,  0,  5
3300,  2,  0,  0,  7
3300,  3,  0,  0,  7
3300,  4,  0,  0,  8
3300,  5,  0,  0,  8
3300,  6,  0,  0,  9
3300,  7,  0,  0, 10
3300,  8,  0,  0,  6
3300,  9,  0,  0,  6
3300, 10,  0,  0,  6
3300,  9,  0,  0,  6
3300, 10,  0,  0,  6
3300,  9,  0,  0,  8
3300, 10,  0,  0,  8
3300, 11,  0,  0,  5
3300, 12,  0,  0,  5
3300, 13,  0,  0,  4
3300, 14,  0,  0, 30
3300, 15,  0, 56,  4

[Begin Action 3501]
3300, 15,  0,  0,  3
3300, 16,  0,  0,  3

[Begin Action 3502]
3300, 19,  0,  0,  6
3300, 18,  0,  0, 10
3300, 17,  0,  0,120
3300, 17,  0,  0, 20
3300, 17,  0,  0, 10
3300, 17,  0,  0,  1

[Begin Action 3503]
3300, 17,  0,  0, 10
3300, 17,  0,  0, 60
3300, 17,  0,  0,  5
3300, 18,  0,  0,  8
3300, 19,  0,  0,  9
3300, 20,  0,  0,  9
3300, 21,  0,  0,  5
3300, 22,  0,  0,  5
3300, 23,  0,  0,  4
3200, 10,  0,  0, 12,H
Clsn2: 2
Clsn2[0]= -3,-69, 14,-49
Clsn2[1]=-26,-60, 22,  1
3200, 11,  0,  0, 10,H
Clsn2: 3
Clsn2[0]= -7,-80, 10,-60
Clsn2[1]=-32,-44, 31,  1
Clsn2[2]=-15,-70, 17,-37
3200, 12,  0,  0,  5,H
Clsn2: 2
Clsn2[0]=  4,-95, 16,-80
Clsn2[1]=-19,-88, 18,  0
250, 11,  0,  0,  5,H
Clsn2: 2
Clsn2[0]=-19,-102, 16,  0
Clsn2[1]= -7,-116, 10,-98
3200, 13,  0,  0,  6,H
Clsn2: 3
 Clsn2[0] =-13,-87, 20,-49
 Clsn2[1] = 10,-96, 22,-82
Clsn2[2]=-27,-50, 24,  0
245,  7,-13,  0,  4,H

[Begin Action 3504]
3300, 17,  0,  0,  1

[Begin Action 3520]
5030,  0,  0,  0, -1

[Begin Action 3521]
5030, 10,  0,  0, -1,H

[Begin Action 3505]
3500,  1,  0,  0,  4
3500,  2,  0,  0,  4
3500,  0,  0,  0,  4
3500,  1,  0,  0,  4
3500,  2,  0,  0,  4
3500,  0,  0,  0,  4
3500,  1,  0,  0,  4
3500,  2,  0,  0,  4
3500,  0,  0,  0,  4
3500,  1,  0,  0,  4
3500,  3,  0,  0,  6
3500,  4,  0,  0,  6
3500,  5,  0,  0, -1

[Begin Action 3506]
3600,  0,  0,  0,  3
3600,  1,  0,  0,  3
3600,  2,  0,  0,  3
3600,  3,  0,  0,  3
3600,  4,  0,  0,  3
3600,  5,  0,  0,  3

[Begin Action 3507]
7300,  8,  0,  0,  6
7300,  9,  0,  0,  6
7300, 10,  0,  0,  7

[Begin Action 3510]
3510,  0,  0,  0, 30

[Begin Action 3511]
3510,  1,  0,  0,  5,,AS135D121
3510,  1, -2,  0,  5,,AS204D52
3510,  1, -8,  0,  5
3510,  1,-10,  0, 20

[Begin Action 8190]
3300, 17,  0,  0,  5
3300, 17,  0,  0, 60
3300, 17,  0,  0, 15
3300, 18,  0,  0,  8
3300, 19,  0,  0,  9
3300, 20,  0,  0,  7
3300, 21,  0,  0,  5
3300, 22,  0,  0,  5
3300, 23,  0,  0,  5
3200, 10,  0,  0, 60,H
3300, 24,  0,  0,  4
3300, 25,  0,  0, -1

[Begin Action 2000]
Clsn2: 3
 Clsn2[0] = 33,-85, 45,-72
 Clsn2[1] =  7,-78, 38,-47
Clsn2[2]=-25,-54, 43,  0
1000,  0,  0,  0,  2
Clsn2: 3
 Clsn2[0] = 45,-71, 57,-58
 Clsn2[1] = 20,-70, 51,-39
Clsn2[2]=-14,-54, 54,  0
1000,  1,  0,  0,  2
Clsn2: 3
 Clsn2[0] = 49,-70, 61,-57
 Clsn2[1] = 19,-70, 50,-39
Clsn2[2]=-27,-54, 41,  0
100,  4, 30,  0, 15
Clsn2: 3
 Clsn2[0] = 45,-71, 57,-58
 Clsn2[1] = 20,-70, 51,-39
Clsn2[2]=-14,-54, 54,  0
1000,  1,  0,  0,  5
Clsn2: 3
 Clsn2[0] = 33,-85, 45,-72
 Clsn2[1] =  7,-78, 38,-47
Clsn2[2]=-25,-54, 43,  0
1000,  0,  0,  0,  5

[Begin Action 2200]
Clsn1: 2
Clsn1[0]=-66,-134, 66,-17
Clsn1[1]=-50,-151, 50,  1
2000,  0,  0,  0,  3
Clsn1: 1
Clsn1[0]=-50,-151, 50,  1
2000,  1,  0,  0,  3
2000,  0,  0,  0,  3
2000,  1,  0,  0,  3
2000,  0,  0,  0,  4
2000,  1,  0,  0,  4
2000,  0,  0,  0,  5
2000,  1,  0,  0,  5
2000,  0,  0,  0,  5
2000,  1,  0,  0,  5
2000,  2,  0,  0,  7
Clsn2: 2
Clsn2[0]=  5,-108, 17,-95
Clsn2[1]=-16,-99, 17,  1
190, 30,-16,  0,  3
Clsn2: 2
Clsn2[0]=  7,-104, 21,-86
Clsn2[1]=-11,-93, 20,  0
190, 37,-26,  0,  7
Clsn2: 3
Clsn2[0]= 15,-93, 30,-75
Clsn2[1]= -9,-85, 22,-48
Clsn2[2]=-27,-52, 34,  0
200,  5,  0,  0,  2

[Begin Action 120]
Clsn2: 3
 Clsn2[0] =-17,-85, 16,-47
 Clsn2[1] = 10,-93, 22,-79
Clsn2[2]=-27,-50, 24,  0
120, 0, 0, 0, 2
Clsn2: 3
 Clsn2[0] =-17,-85, 16,-47
 Clsn2[1] = 10,-93, 22,-79
Clsn2[2]=-27,-50, 24,  0
120,  1,  0,  0,  1
Clsn2: 3
 Clsn2[0] =-17,-85, 16,-47
 Clsn2[1] = 10,-93, 22,-79
Clsn2[2]=-27,-50, 24,  0
120,  1,  0,  0,  1

[Begin Action 121]
Clsn2: 3
 Clsn2[0] =-11,-54, 17,-27
 Clsn2[1] =  9,-60, 20,-46
Clsn2[2]=-18,-31, 26,  0
121,  0,  0,  0,  2
Clsn2: 3
 Clsn2[0] =-11,-54, 17,-27
 Clsn2[1] =  9,-60, 20,-46
Clsn2[2]=-18,-31, 26,  0
121,  1,  0,  0,  1
Clsn2: 3
 Clsn2[0] =-11,-54, 17,-27
 Clsn2[1] =  9,-60, 20,-46
Clsn2[2]=-18,-31, 26,  0
121,  1,  0,  0,  1

[Begin Action 122]
Clsn2: 2
 Clsn2[0] =-10,-107, 20,-19
 Clsn2[1] = 11,-116, 24,-102
122,  0,  0,  0,  1
Clsn2: 2
 Clsn2[0] =-10,-107, 20,-19
 Clsn2[1] = 11,-116, 24,-102
122,  1,  0,  0,  1
Clsn2: 2
 Clsn2[0] =-10,-107, 20,-19
 Clsn2[1] = 11,-116, 24,-102
122,  1,  0,  0,  1

[Begin Action 130]
Clsn2: 3
 Clsn2[0] =-17,-85, 16,-47
 Clsn2[1] = 10,-93, 22,-79
Clsn2[2]=-27,-50, 24,  0
120,  1,  0,  0, -1

[Begin Action 131]
Clsn2: 3
 Clsn2[0] =-11,-54, 17,-27
 Clsn2[1] =  9,-60, 20,-46
Clsn2[2]=-18,-31, 26,  0
121,  1,  0,  0, -1

[Begin Action 132]
Clsn2: 2
 Clsn2[0] =-10,-107, 20,-19
 Clsn2[1] = 11,-116, 24,-102
122,  1,  0,  0,  1

[Begin Action 140]
Clsn2: 3
 Clsn2[0] =-17,-85, 16,-47
 Clsn2[1] = 10,-93, 22,-79
Clsn2[2]=-27,-50, 24,  0
120,  2,  0,  0,  1
Clsn2: 3
 Clsn2[0] =-17,-85, 16,-47
 Clsn2[1] = 10,-93, 22,-79
Clsn2[2]=-27,-50, 24,  0
120,  3,  0,  0,  1

[Begin Action 141]
Clsn2: 3
 Clsn2[0] =-11,-54, 17,-27
 Clsn2[1] =  9,-60, 20,-46
Clsn2[2]=-18,-31, 26,  0
121,  2,  0,  0,  1
Clsn2: 3
 Clsn2[0] =-11,-54, 17,-27
 Clsn2[1] =  9,-60, 20,-46
Clsn2[2]=-18,-31, 26,  0
121,  3,  0,  0,  1

[Begin Action 142]
Clsn2: 2
 Clsn2[0] =-10,-107, 20,-19
 Clsn2[1] = 11,-116, 24,-102
122,  2,  0,  0,  1
Clsn2: 2
 Clsn2[0] =-10,-107, 20,-19
 Clsn2[1] = 11,-116, 24,-102
122,  3,  0,  0,  1

[Begin Action 150]
Clsn2: 3
 Clsn2[0] =-17,-78, 16,-47
 Clsn2[1] = 10,-87, 22,-73
Clsn2[2]=-27,-50, 24,  0
120,  1,  0,  0,  8
Clsn2: 3
 Clsn2[0] =-17,-78, 16,-47
 Clsn2[1] = 10,-87, 22,-73
Clsn2[2]=-27,-50, 24,  0
120, 0, 0, 0, -1

[Begin Action 151]
Clsn2: 3
 Clsn2[0] =-11,-54, 17,-27
 Clsn2[1] =  9,-60, 20,-46
Clsn2[2]=-18,-31, 26,  0
121,  2,  0,  0, -1

[Begin Action 152]
Clsn2: 2
 Clsn2[0] =-10,-107, 20,-19
 Clsn2[1] = 11,-116, 24,-102
122,  1,  0,  0,  1

[Begin Action 5000]
Clsn2: 3
 Clsn2[0] =-17,-85, 16,-47
 Clsn2[1] = 10,-93, 22,-79
Clsn2[2]=-27,-50, 24,  0
5000,  0,  0,  0,  5

[Begin Action 5001]
Clsn2Default: 3
 Clsn2[0] =-17,-85, 16,-47
 Clsn2[1] = 10,-93, 22,-79
Clsn2[2]=-27,-50, 24,  0
5000,  0,  0,  0,  5
5000, 10,  0,  0,  5

[Begin Action 5002]
Clsn2Default: 3
 Clsn2[0] =-17,-85, 16,-47
 Clsn2[1] = 10,-93, 22,-79
Clsn2[2]=-27,-50, 24,  0
5000, 10,  0,  0,  5
5000, 20,  0,  0,  5
5000, 21,  0,  0,  5

[Begin Action 5005]
Clsn2Default: 3
 Clsn2[0] =-17,-85, 16,-47
 Clsn2[1] = 10,-93, 22,-79
Clsn2[2]=-27,-50, 24,  0
5000,  0,  0,  0,  5
200,  5,  0,  0, -1

[Begin Action 5006]
Clsn2Default: 4
Clsn2[0]=-27,-50, 24,  0
 Clsn2[1] =-17,-85, 16,-47
 Clsn2[2] = 10,-93, 22,-79
Clsn2[3]=-27,-50, 24,  0
5000, 10,  0,  0,  4
5000,  0,  0,  0,  6
200,  5,  0,  0, -1

[Begin Action 5007]
Clsn2Default: 4
Clsn2[0]=-27,-50, 24,  0
 Clsn2[1] =-17,-85, 16,-47
 Clsn2[2] = 10,-93, 22,-79
Clsn2[3]=-27,-50, 24,  0
5000, 21,  0,  0,  5
5000, 10,  0,  0,  5
5000,  0,  0,  0,  5
200,  5,  0,  0, -1

[Begin Action 5010]
Clsn2Default: 4
Clsn2[0]=-27,-50, 24,  0
 Clsn2[1] =-17,-85, 16,-47
 Clsn2[2] = 10,-93, 22,-79
Clsn2[3]=-27,-50, 24,  0
5010, 0, 0, 0, 5

[Begin Action 5011]
Clsn2Default: 4
Clsn2[0]=-27,-50, 24,  0
 Clsn2[1] =-17,-85, 16,-47
 Clsn2[2] = 10,-93, 22,-79
Clsn2[3]=-27,-50, 24,  0
5010,  0,  0,  0,  5
5010, 10,  0,  0,  5

[Begin Action 5012]
Clsn2Default: 4
Clsn2[0]=-27,-50, 24,  0
 Clsn2[1] =-17,-85, 16,-47
 Clsn2[2] = 10,-93, 22,-79
Clsn2[3]=-27,-50, 24,  0
5010, 10,  0,  0,  5
5010, 20,  0,  0,  5
5010, 21,  0,  0,  5

[Begin Action 5015]
Clsn2Default: 4
Clsn2[0]=-27,-50, 24,  0
 Clsn2[1] =-17,-85, 16,-47
 Clsn2[2] = 10,-93, 22,-79
Clsn2[3]=-27,-50, 24,  0
5010,  0,  0,  0,  5
5910,  4,  0,  0, -1

[Begin Action 5016]
Clsn2Default: 4
Clsn2[0]=-27,-50, 24,  0
 Clsn2[1] =-17,-85, 16,-47
 Clsn2[2] = 10,-93, 22,-79
Clsn2[3]=-27,-50, 24,  0
5010, 10,  0,  0,  5
5010,  0,  0,  0,  5
5910,  4,  0,  0, -1

[Begin Action 5017]
Clsn2Default: 4
Clsn2[0]=-27,-50, 24,  0
 Clsn2[1] =-17,-85, 16,-47
 Clsn2[2] = 10,-93, 22,-79
Clsn2[3]=-27,-50, 24,  0
5010, 21,  0,  0,  5
5010, 10,  0,  0,  5
5010,  0,  0,  0,  5
5910,  4,  0,  0, -1

[Begin Action 5020]
Clsn2Default: 3
 Clsn2[0] =-11,-58, 17,-31
 Clsn2[1] =  9,-64, 20,-50
Clsn2[2]=-18,-31, 26,  0
5020, 0, 0, 0, 5

[Begin Action 5021]
Clsn2Default: 3
 Clsn2[0] =-11,-58, 17,-31
 Clsn2[1] =  9,-64, 20,-50
Clsn2[2]=-18,-31, 26,  0
5020,  0,  0,  0,  5
5020, 10,  0,  0,  5

[Begin Action 5022]
Clsn2Default: 3
 Clsn2[0] =-11,-58, 17,-31
 Clsn2[1] =  9,-64, 20,-50
Clsn2[2]=-18,-31, 26,  0
5020, 10,  0,  0,  5
5020, 20, 0, 0, 5
5020, 21,  0,  0,  5

[Begin Action 5025]
Clsn2Default: 3
 Clsn2[0] =-11,-58, 17,-31
 Clsn2[1] =  9,-64, 20,-50
Clsn2[2]=-18,-31, 26,  0
5020,  0,  0,  0,  5
  6,  1, -2,  0, -1,H

[Begin Action 5026]
Clsn2Default: 3
 Clsn2[0] =-11,-58, 17,-31
 Clsn2[1] =  9,-64, 20,-50
Clsn2[2]=-18,-31, 26,  0
5020, 10,  0,  0,  5
5020,  0,  0,  0,  5
  6,  1, -2,  0, -1,H

[Begin Action 5027]
Clsn2Default: 3
 Clsn2[0] =-11,-58, 17,-31
 Clsn2[1] =  9,-64, 20,-50
Clsn2[2]=-18,-31, 26,  0
5020, 21,  0,  0,  5
5020, 10,  0,  0,  5
5020,  0,  0,  0,  5
  6,  1, -2,  0, -1,H

[Begin Action 5030]
Clsn2: 2
 Clsn2[0] =-14,-93, 13,-61
 Clsn2[1] = -8,-66, 19,-24
5030,  0,  0,  0,  4

[Begin Action 5035]
Clsn2: 2
 Clsn2[0] =-14,-93, 13,-61
 Clsn2[1] = -8,-66, 19,-24
5030, 0, 0, 0, 4
Clsn2: 2
 Clsn2[0] = -5,-66, 32,-22
 Clsn2[1] =-19,-98, 10,-57
5030, 10, 0, 0, 7

[Begin Action 5040]
Clsn2: 1
 Clsn2[0] =-18,-96, 18,-44
630,  4,  0,  0,  4
Clsn2: 1
 Clsn2[0] =-18,-96, 18,-44
640,  1,  0,  0,  4
Clsn2: 1
 Clsn2[0] =-18,-96, 18,-44
640,  0,  0,  0,  4
Clsn2: 2
Clsn2[0]=  3,-110, 15,-97
Clsn2[1]=-10,-101, 16,-39
630,  5,  0,  0,  4
Loopstart
Clsn2Default: 2
 Clsn2[0] =-10,-107, 20,-19
 Clsn2[1] = 11,-116, 24,-102
 41,  3,  0,  0,  4
 41,  4,  0,  0,  4

[Begin Action 5050]
Clsn2: 1
 Clsn2[0] =-22,-87, 18,-33
5030, 20,  0,  0,  3
Clsn2: 1
 Clsn2[0] =-33,-76, 25,-40
5030, 30,  0,  0, -1

[Begin Action 5051]
Clsn2: 1
 Clsn2[0] =-27,-97, 22,-25
5030,  0,  0,  0,  8
Clsn2: 1
 Clsn2[0] =-27,-97, 22,-25
5060,  0,  0,  0, -1

[Begin Action 5052]
Clsn2: 1
Clsn2[0]=-22,-75, 21,-23
5030,  0,  0,  0,  2
Loopstart
Clsn2: 1
Clsn2[0]=-22,-96, 21,-35
5050,  0,  0,  0,  3
Clsn2: 1
Clsn2[0]=-22,-96, 21,-35
5050,  1,  0,  0,  3
Clsn2: 1
Clsn2[0]=-22,-96, 21,-35
5050,  2,  0,  0,  3
Clsn2: 1
Clsn2[0]=-22,-96, 21,-35
5050,  3,  0,  0,  3

[Begin Action 5061]
Clsn2: 1
 Clsn2[0] =-19,-94, 18,-21
5030, 10,  0,  0,  5
Clsn2: 1
 Clsn2[0] =-37,-89, 29,-52
5030, 20,  0,  0,  5
Clsn2: 1
 Clsn2[0] =-39,-85, 34,-47
5030, 30, 0, 0, 5
Clsn2: 2
 Clsn2[0] =-36,-78, -1,-35
 Clsn2[1] = -7,-103, 31,-55
5030, 40, 0, 0, 5
Clsn2: 1
 Clsn2[0] =-23,-90, 16,-15
5030, 50,  0,  0, -1

[Begin Action 5062]
Clsn2: 1
Clsn2[0]=-22,-94, 21,-33
5050,  0,  0,  0,  2
Clsn2: 1
Clsn2[0]=-22,-84, 21,-32
5030, 20,  0,  0,  2
Clsn2: 1
Clsn2[0]=-22,-82, 21,-30
5030, 40,  0,  0,  2
Clsn2: 1
Clsn2[0]=-22,-75, 21,-23
5030, 50,  0,  0, -1

[Begin Action 5070]
Clsn2: 2
 Clsn2[0] =-13,-63, 23,-19
 Clsn2[1] =-19,-94, 17,-49
5070,  0,  0,  0,  6
Clsn2: 1
 Clsn2[0] =-24,-95, 21,-32
5070, 10,  0,  0,  4
Clsn2: 1
 Clsn2[0] =-33,-88, 32,-48
5070, 20,  0,  0, -1

[Begin Action 5080]
Clsn2: 1
 Clsn2[0] =-37,-24, 28,  0
5040,  0,  0,  0,  4
Clsn2: 1
 Clsn2[0] =-37,-24, 28,  0
5040, 20,  0,  0, -1

[Begin Action 5081]
Clsn2: 1
 Clsn2[0] =-37,-24, 28,  0
5030, 60,  0,  0,  4
Clsn2: 1
 Clsn2[0] =-37,-24, 28,  0
5030, 63,  0,  0, -1

[Begin Action 5082]
Clsn2: 1
 Clsn2[0] =-37,-24, 28,  0
5030, 63,  0,  0,  6

[Begin Action 5090]
Clsn2: 1
 Clsn2[0] =-37,-24, 28,  0
5040,  0,  0,  0,  7

[Begin Action 5091]
Clsn2: 1
 Clsn2[0] =-37,-24, 28,  0
5030, 60,  0,  0,  2
Clsn2: 1
 Clsn2[0] =-37,-24, 28,  0
5030, 63,  0,  0,  2
Clsn2: 1
 Clsn2[0] =-37,-24, 28,  0
5030, 63,  0,  0,  2

[Begin Action 5092]
Clsn2: 1
 Clsn2[0] =-37,-24, 28,  0
5030, 60,  0,  0,  2
Clsn2: 1
 Clsn2[0] =-37,-24, 28,  0
5030, 63,  0,  0,  2
Clsn2: 1
 Clsn2[0] =-37,-24, 28,  0
5030, 63,  0,  0,  2

[Begin Action 5100]
Clsn2: 1
 Clsn2[0] =-37,-24, 28,  0
5040,  0,  0,  0,  7

[Begin Action 5101]
Clsn2: 1
 Clsn2[0] =-37,-24, 28,  0
5030, 60,  0,  0,  2
Clsn2: 1
 Clsn2[0] = -26,-21, 22,  0
5030, 63,  0,  0,  2

[Begin Action 5102]
Clsn2: 1
 Clsn2[0] =-37,-24, 28,  0
5030, 60,  0,  0,  2
Clsn2: 1
 Clsn2[0] =-37,-24, 28,  0
5030, 63,  0,  0,  2

[Begin Action 5160]
Clsn2: 1
 Clsn2[0] =-37,-56, 28,-32
5030, 30, 0, 20, -1

[Begin Action 5161]
Clsn2: 1
 Clsn2[0] =-37,-49, 28,-25
5030, 63,  0,-25,  3
Clsn2: 1
 Clsn2[0] =-37,-30, 28, -6
5030, 63,  0,  0,  3
Clsn2: 1
 Clsn2[0] =-37,-30, 28, -6
5030, 63,  0,  0, -1

[Begin Action 5162]
Clsn2: 1
 Clsn2[0] =-37,-56, 28,-32
5030, 63,  0,-25,  4
Clsn2: 1
 Clsn2[0] =-37,-53, 28,-29
5030, 63,  0,-23,  4
Clsn2: 1
 Clsn2[0] =-37,-30, 28, -6
5030, 63,  0,  0, -1

[Begin Action 5163]
Clsn2: 1
 Clsn2[0] =-37,-56, 28,-32
5070, 20,  0, 20, -1

[Begin Action 5170]
Clsn2: 1
 Clsn2[0] =-37,-24, 28,  0
5040,  1,  0,  0,  3
Clsn2: 1
 Clsn2[0] =-37,-24, 28,  0
5040, 10,  0,  0,  1

[Begin Action 5171]
Clsn2: 1
 Clsn2[0] =-37,-24, 28,  0
5030, 63,  0,  0,  3
Clsn2: 1
 Clsn2[0] =-37,-24, 28,  0
5030, 64,  0,  0,  1

[Begin Action 5172]
Clsn2: 1
 Clsn2[0] =-37,-24, 28,  0
5030, 63,  0,  0,  3
Clsn2: 1
 Clsn2[0] =-37,-24, 28,  0
5030, 64,  0,  0,  1

[Begin Action 5110]
Clsn2: 1
 Clsn2[0] =-37,-24, 28,  0
5040, 10, 0, 0, 1

[Begin Action 5111]
Clsn2: 1
 Clsn2[0] =-37,-24, 28,  0
5030, 64,  0,  0,  1

[Begin Action 5112]
Clsn2: 1
 Clsn2[0] =-37,-24, 28,  0
5030, 64,  0,  0,  1

[Begin Action 5120]
Clsn2Default: 1
 Clsn2[0] =-20,-53, 23,  0
5040, 11,  0,  0,  3
5040, 12,  0,  0,  4
5040, 13,  0,  0,  4
5040, 14,  0,  0,  5
5040, 15,  0,  0,  2
5040, 16,  0,  0,  2

[Begin Action 5121]
Clsn2Default: 1
 Clsn2[0] =-20,-53, 23,  0
5030, 65,  0,  0,  4
5030, 66,  0,  0,  3
5030, 67,  0,  0,  2
5030, 68,  0,  0,  4
5030, 69,  0,  0,  4
5030, 70,  0,  0,  3

[Begin Action 5122]
Clsn2Default: 1
 Clsn2[0] =-20,-53, 23,  0
5030, 65,  0,  0,  3
5030, 66,  0,  0,  2
5030, 67,  0,  0,  2
5030, 68,  0,  0,  2
5030, 69,  0,  0,  2
5030, 70,  0,  0,  2

[Begin Action 5150]
Clsn2: 1
 Clsn2[0] =-37,-24, 28,  0
5040, 10, 0, 0, 1

[Begin Action 5151]
Clsn2: 1
 Clsn2[0] =-37,-24, 28,  0
5030, 64,  0,  0,  1

[Begin Action 5200]
Clsn2: 1
 Clsn2[0] =-18,-96, 18,-44
630,  4,  0,  0,  4
Clsn2: 1
 Clsn2[0] =-18,-96, 18,-44
640,  1,  0,  0,  4
Clsn2: 1
 Clsn2[0] =-18,-96, 18,-44
640,  0,  0,  0,  4
Clsn2: 2
Clsn2[0]=  3,-110, 15,-97
Clsn2[1]=-10,-101, 16,-39
630,  5,  0,  0,  4
Loopstart
Clsn2Default: 2
 Clsn2[0] =-10,-107, 20,-19
 Clsn2[1] = 11,-116, 24,-102
 41,  3,  0,  0,  4
 41,  4,  0,  0,  4

[Begin Action 5210]
Clsn2: 1
 Clsn2[0] =-18,-96, 18,-44
630,  4,  0,  0,  4
Clsn2: 1
 Clsn2[0] =-18,-96, 18,-44
640,  1,  0,  0,  4
Clsn2: 1
 Clsn2[0] =-18,-96, 18,-44
640,  0,  0,  0,  4
Clsn2: 2
Clsn2[0]=  3,-110, 15,-97
Clsn2[1]=-10,-101, 16,-39
630,  5,  0,  0,  4
Loopstart
Clsn2Default: 2
 Clsn2[0] =-10,-107, 20,-19
 Clsn2[1] = 11,-116, 24,-102
 41,  3,  0,  0,  4
 41,  4,  0,  0,  4

[Begin Action 5300]
Clsn2Default: 3
 Clsn2[0] =-17,-78, 16,-47
 Clsn2[1] = 10,-87, 22,-73
Clsn2[2]=-27,-50, 24,  0
5300,  0,  0,  0, 15
5300,  1,  0,  0,  7
5300,  2,  0,  0,  9
5300,  3,  0,  0, 17
5300,  4,  0,  0,  5
5300,  5,  0,  0,  6

[Begin Action 1995]
Clsn2: 1
 Clsn2[0] = -20,-16, 20, 16
5071, 10, 0, 0, -1

[Begin Action 860]
850,  0,  0,  0,  1
850,  1,  0,  0,  2
850,  2,  0,  0,  2
850,  3,  0,  0,  2
850,  4,  0,  0,  1

[Begin Action 861]
851,  0,  0,  0,  1
851,  1,  0,  0,  2
851,  2,  0,  0,  2
851,  3,  0,  0,  3
851,  4,  0,  0,  2
851,  5,  0,  0,  2
851,  6,  0,  0,  1

[Begin Action 864]
864,  0,  0,  0,  2
864,  1,  0,  0,  2
864,  2,  0,  0,  3
864,  3,  0,  0,  2
864,  4,  0,  0,  2

[Begin Action 865]
865,  0,  0,  0,  2
865,  1,  0,  0,  3
865,  2,  0,  0,  3
865,  3,  0,  0,  3
865,  4,  0,  0,  3
865,  5,  0,  0,  2

[Begin Action 866]
866,  0,  0,  0,  2
866,  1,  0,  0,  2
866,  2,  0,  0,  2
866,  3,  0,  0,  4
866,  4,  0,  0,  3
866,  5,  0,  0,  3
866,  6,  0,  0,  3
866,  7,  0,  0,  2

[Begin Action 867]
867,  0,  0,  0,  3
867,  1,  0,  0,  3
867,  2,  0,  0,  5
867,  3,  0,  0,  5
867,  4,  0,  0,  4
867,  5,  0,  0,  4
867,  6,  0,  0,  4
867,  7,  0,  0,  5

[Begin Action 4000]
4000,  0,  0,  0,  2
4000,  1,  0,  0,  2
4000,  2,  0,  0,  2
4000,  3,  0,  0,  2
4000,  4,  0,  0,  2

[Begin Action 4010]
4010,  0,  0,  0,  2
4010,  1,  0,  0,  2
4010,  2,  0,  0,  3
4010,  3,  0,  0,  3
4010,  4,  0,  0,  3
4010,  5,  0,  0,  2
4010,  6,  0,  0,  2

[Begin Action 4020]
4020,  0,  0,  0,  2
4020,  1,  0,  0,  2
4020,  2,  0,  0,  3
4020,  3,  0,  0,  3
4020,  4,  0,  0,  3
4020,  5,  0,  0,  3
4020,  6,  0,  0,  3
4020,  7,  0,  0,  3
4020,  8,  0,  0,  2
4020,  9,  0,  0,  2

[Begin Action 4005]
4005,  0,  0,  0,  2
4005,  1,  0,  0,  2
4005,  2,  0,  0,  2
4005,  3,  0,  0,  2
4005,  4,  0,  0,  2

[Begin Action 4015]
4015,  0,  0,  0,  2
4015,  1,  0,  0,  2
4015,  2,  0,  0,  2
4015,  3,  0,  0,  3
4015,  4,  0,  0,  3
4015,  5,  0,  0,  3
4015,  6,  0,  0,  2

[Begin Action 4025]
4025,  0,  0,  0,  2
4025,  1,  0,  0,  2
4025,  2,  0,  0,  3
4025,  3,  0,  0,  3
4025,  4,  0,  0,  3
4025,  5,  0,  0,  3
4025,  6,  0,  0,  3
4025,  7,  0,  0,  3
4025,  8,  0,  0,  2
4025,  9,  0,  0,  2

[Begin Action 4030]
4030,  0,  0,  0,  2
4030,  1,  0,  0,  2
4030,  2,  0,  0,  2
4030,  3,  0,  0,  2
4030,  4,  0,  0,  2
4030,  5,  0,  0,  2

[Begin Action 4100]
4100,  0,  0,  0,  2
4100,  1,  0,  0,  2
4100,  2,  0,  0,  2
4100,  3,  0,  0,  3
4100,  4,  0,  0,  3

[Begin Action 4105]
4100,  0,  0,  0,  2
4105,  1,  0,  0,  2
4105,  2,  0,  0,  2
4105,  3,  0,  0,  3
4105,  4,  0,  0,  3
4105,  5,  0,  0,  5

[Begin Action 4110]
4110,  0,  0,  0,  2
4110,  1,  0,  0,  2
4110,  2,  0,  0,  3
4110,  3,  0,  0,  3
4110,  4,  0,  0,  4
4110,  5,  0,  0,  4
4110,  6,  0,  0,  3

[Begin Action 4200]
4200,  0,  0,  0,  1
4200,  1,  0,  0,  1
4200,  2,  0,  0,  1
4200,  3,  0,  0,  2
4200,  4,  0,  0,  4
4200,  5,  0,  0,  5
4200,  6,  0,  0,  5
4200,  7,  0,  0,  4
4200,  8,  0,  0,  4
4200,  9,  0,  0,  2

[Begin Action 4300]
194,  8,  0,-72,  2,HV
194,  7,  8,-72,  2,HV
194,  6,  8,-72,  2,HV
194,  5,  8,-72,  2,HV
194,  4,  8,-72,  2,HV
194,  3,  8,-72,  2,HV
194,  2,  8,-72,  2,HV
194,  1,  8,-72,  2,HV
194,  0,  8,-72,  2,HV

[Begin Action 6000]
6000,  0,  0,  0,  8
6000,  1,  0,  0,  8
6000,  2,  0,  0,  8

[Begin Action 6001]
6001,  0,  0,  0,  6
6001,  1,  0,  0,  6
6001,  2,  0,  0,  6
6001,  3,  0,  0,  6

[Begin Action 6002]
6002,  0,  0,  0,  6
6002,  1,  0,  0,  6
6002,  2,  0,  0,  6
6002,  3,  0,  0,  6

[Begin Action 6003]
6003,  0,  0,  0,  5
6003,  1,  0,  0,  5
6003,  2,  0,  0,  5
6003,  3,  0,  0,  5

[Begin Action 6004]
6004,  0,  0,  0,  4
6004,  1,  0,  0,  4
6004,  2,  0,  0,  4
6004,  3,  0,  0,  4

[Begin Action 6005]
6005,  0,  0,  0,  4
6005,  1, -1, -1,  4
6005,  2,  0,  1,  4
6005,  3,  1,  0,  4

[Begin Action 6009]
6006,  0,  0,  0,  3
6006,  1,  0,  0,  3
6006,  2,  0,  0,  3
6006,  3,  0,  0,  3
6006,  4,  0,  0,  3
6006,  5,  0,  0,  3
Loopstart
6007,  0,  0,  0,  6
6007,  1,  0,  0,  6
6007,  2,  0,  0,  6
6007,  3,  0,  0,  6

[Begin Action 7000]
7000,  0,  0,  0,  3,,AS195D61
7000,  1,  0,  0,  3,,AS187D69
7000,  2,  0,  0,  3,,AS187D69
7000,  3,  0,  0,  3,,AS187D69
7000,  4,  0,  0,  3,,AS187D69
7000,  5,  0,  0,  3,,AS187D69
7000,  6,  0,  0,  3,,AS187D69

[Begin Action 7010]
7010,  0,  0,  0,  3,,AS195D61
7010,  1,  0,  0,  3
7010,  2,  0,  0,  3
7010,  3,  0,  0,  3
7010,  4,  0,  0,  3
7010,  5,  0,  0,  3
7010,  6,  0,  0,  3

[Begin Action 7001]
7001,  0,  0,  0,  3,,AS195D61
7001,  1,  0,  0,  3,,AS187D69
7001,  2,  0,  0,  3,,AS187D69
7001,  3,  0,  0,  3,,AS187D69
7001,  4,  0,  0,  3,,AS187D69
7001,  5,  0,  0,  3,,AS187D69
7001,  6,  0,  0,  3,,AS187D69

[Begin Action 7011]
7011,  0,  0,  0,  3,,AS195D61
7011,  1,  0,  0,  3
7011,  2,  0,  0,  3
7011,  3,  0,  0,  3
7011,  4,  0,  0,  3
7011,  5,  0,  0,  3
7011,  6,  0,  0,  3

[Begin Action 7002]
7002,  0,  0,  0,  3,,AS195D61
7002,  1,  0,  0,  3,,AS187D69
7002,  2,  0,  0,  3,,AS187D69
7002,  3,  0,  0,  3,,AS187D69
7002,  4,  0,  0,  3,,AS187D69
7002,  5,  0,  0,  3,,AS187D69
7002,  6,  0,  0,  3,,AS187D69

[Begin Action 7012]
7012,  0,  0,  0,  3,,AS195D61
7012,  1,  0,  0,  3
7012,  2,  0,  0,  3
7012,  3,  0,  0,  3
7012,  4,  0,  0,  3
7012,  5,  0,  0,  3
7012,  6,  0,  0,  3

[Begin Action 7300]
7300,  0,  0,  0,  1
7300,  1,  0,  0,  1
7300,  2,  0,  0,  1
7300,  3,  0,  0,  3,,AS187D69
7300,  4,  0,  0,  4,,AS187D69
7300,  5,  0,  0,  4,,AS187D69
7300,  6,  0,  0,  4,,AS187D69
7300,  7,  0,  0,  4,,AS187D69
7300,  8,  0,  0,  6
7300,  9,  0,  0,  6
7300, 10,  0,  0,  7

[Begin Action 7500]
7500,  0,  0,  0,  3
7500,  1,  0,  0,  3
7500,  2,  0,  0,  7
7500,  3,  0,  0,  3
7500,  4,  0,  0,  3
7500,  5,  0,  0, 11

[Begin Action 7501]
7500,  0,  0,  0,  3
7500,  1,  0,  0,  3
7500,  2,  0,  0,  7
7501,  3,  0,  0,  3
7501,  4,  0,  0,  3
7501,  5,  0,  0, 11

[Begin Action 7502]
7500,  0,  0,  0,  3
7500,  1,  0,  0,  3
7500,  2,  0,  0,  7
7502,  3,  0,  0,  3
7502,  4,  0,  0,  3
7502,  5,  0,  0, 11

[Begin Action 7510]
 -1,  0,  0,  0,  8
7510,  0,-20, 60,  2
7510,  0, 30, 60,  2
7510,  0, 90, 60,  3
7510,  0,200, 60,  5
7510,  0,203, 60,  5
7510,  0,206, 60,  3
7510,  0,208, 60,  2

[Begin Action 7511]
 -1,  0,  0,  0,  8
7510,  1,-20, 60,  2
7510,  1, 30, 60,  2
7510,  1, 90, 60,  3
7510,  1,200, 60,  5
7510,  1,203, 60,  5
7510,  1,206, 60,  3
7510,  1,208, 60,  2

[Begin Action 7512]
 -1,  0,  0,  0,  8
7510,  2,-20, 60,  2
7510,  2, 30, 60,  2
7510,  2, 90, 60,  3
7510,  2,200, 60,  5
7510,  2,203, 60,  5
7510,  2,206, 60,  3
7510,  2,208, 60,  2

[Begin Action 7520]
 -1,  1,  0,  0,  6
7520,  0, 16, 70,  7
7520,  1, 16, 70, 17

[Begin Action 7521]
 -1,  1,  0,  0,  6
7520,  0, 16, 70,  7
7520,  2, 16, 70, 17

[Begin Action 7522]
 -1,  1,  0,  0,  6
7520,  0, 16, 70,  7
7520,  3, 16, 70, 17

[Begin Action 7600]
7600,  0,  0,  0, 35,,AS0D256
7600,  0,  0,  0,  5,,AS59D184
7600,  0,  0,  0,  5,,AS115D115
7600,  0,  0,  0,  5,,AS195D65
7600,  0,  0,  0, 35
7600,  0,  0,  0,  3,,AS195D65
7600,  0,  0,  0,  3,,AS115D115
7600,  0,  0,  0,  3,,AS59D184
7600,  0,  0,  0,  3,,AS0D256
7600,  0,  0,  0, -1,,AS0D256

[Begin Action 7601]
7600,  0,  0,  0, 10,,AS0D256
7600,  0,  0,  0, 10,,AS59D184
7600,  0,  0,  0, 10,,AS115D115
7600,  0,  0,  0, 10,,AS195D65
7600,  0,  0,  0, 60
7600,  0,  0,  0,  1

[Begin Action 7602]
7600,  0,  0,  0, 60
7600,  0,  0,  0,  6,,AS195D65
7600,  0,  0,  0,  6,,AS115D115
7600,  0,  0,  0,  6,,AS59D184
7600,  0,  0,  0,  6,,AS0D256
7600,  0,  0,  0,  1,,AS0D256

[Begin Action 8000]
 -1,  0,  0,  0, -1

[Begin Action 8010]
7600,  0,  0,  0, -1

[Begin Action 8011]
7600,  0,  0,  0, -1,,AS59D184

[Begin Action 8500]
8000,  0,-512,  0,  2
8000,  0,-256,  0,  3
8000,  0,-72,  0,  4
8000,  0,-24,  0,  4
8000,  0,-12,  0,  4
8000,  0, -6,  0,  5
8000,  0, -3,  0,  5
8000,  0,  0,  0, -1

[Begin Action 8501]
8000,  1,-530,-55,  2
8000,  1,-274,-55,  3
8000,  1,-90,-55,  4
8000,  1,-42,-55,  4
8000,  1,-30,-55,  4
8000,  1,-24,-55,  5
8000,  1,-21,-55,  5
8000,  1,-18,-55, -1

[Begin Action 8510]
8510,  2,  0,  0, 76
8510,  1,  0,  0,  2
8510,  0,  0,  0, -1

[Begin Action 8511]
8511,  0,-65,151,  3
8511,  1,-65,151,  3
8511,  2,-65,151,  3
8511,  3,-65,151, -1

[Begin Action 8512]
8511,  0,377, 49,  3,HV
8511,  1,377, 76,  3,HV
8511,  2,377, 76,  3,HV
8511,  3,377, 76, -1,HV

[Begin Action 8520]
8500,  0,  0,  0, -1

[Begin Action 8521]
8500,  1,  0,  0, -1

[Begin Action 8522]
8500,  2,  0,  0, -1

[Begin Action 8523]
8500,  3,  0,  0, -1

[Begin Action 8524]
8500,  4,  0,  0, -1

[Begin Action 8525]
8500,  5,  0,  0, -1

[Begin Action 8600]
8600,  0,  0,  0, -1

[Begin Action 5900]
Clsn2: 1
Clsn2[0]=-12,-83, 14,-29
5030,  0,  0,  0, -1

[Begin Action 5901]
Clsn2: 2
Clsn2[0]=-10,-98, 14,-41
Clsn2[1]=  6,-73, 30,-25
5900,  0,  0,  0,  4
Clsn2: 2
Clsn2[0]=-10,-98, 14,-33
Clsn2[1]=  7,-73, 29,-20
5900,  1,  0,  0,  2
Loopstart
Clsn2: 1
Clsn2[0]=-10,-112, 14,-27
5060,  0,  0,  0,  9

[Begin Action 5902]
Clsn2: 2
 Clsn2[0] =-16,-78, 15,-35
 Clsn2[1] =  2,-88, 24,-68
5030,  0,  0,  0,  5
Clsn2: 1
 Clsn2[0] =-20,-87, 16,-34
5070, 10,  0,  0,  5
Clsn2: 1
 Clsn2[0] =-23,-70, 22,-30
5070, 20,  0,  0, -1

[Begin Action 5910]
Clsn2Default: 4
Clsn2[0]=-27,-50, 24,  0
 Clsn2[1] =-17,-85, 16,-47
 Clsn2[2] = 10,-93, 22,-79
Clsn2[3]=-27,-50, 24,  0
5910,  0,  0,  0,  5
5910,  1,  0,  0, -1

[Begin Action 5911]
Clsn2Default: 4
Clsn2[0]=-27,-50, 24,  0
 Clsn2[1] =-17,-85, 16,-47
 Clsn2[2] = 10,-93, 22,-79
Clsn2[3]=-27,-50, 24,  0
5910,  2,  0,  0,  5
5910,  3,  0,  0,  5
5910,  4,  0,  0,  3

[Begin Action 5920]
Clsn2Default: 4
 Clsn2[0] =   0,-42,  0,-42
 Clsn2[1] =-11,-58, 17,-31
 Clsn2[2] =  9,-64, 20,-50
Clsn2[3]=-18,-31, 26,  0
5920,  0,  0,  0,  5
5920,  1,  0,  0, -1

[Begin Action 5921]
Clsn2Default: 4
 Clsn2[0] =   0,-42,  0,-42
 Clsn2[1] =-11,-58, 17,-31
 Clsn2[2] =  9,-64, 20,-50
Clsn2[3]=-18,-31, 26,  0
5920,  2,  0,  0,  5
5920,  3,  0,  0,  5
5920,  4,  0,  0,  3

[Begin Action 5930]
Clsn2Default: 2
 Clsn2[0] =-10,-107, 20,-19
 Clsn2[1] = 11,-116, 24,-102
5930,  0,  0,  0,  5
5930,  1,  0,  0,  3
5930,  2,  0,  0, -1

[Begin Action 5940]
Clsn2Default: 4
Clsn2[0]=-27,-50, 24,  0
 Clsn2[1] =-17,-85, 16,-47
 Clsn2[2] = 10,-93, 22,-79
Clsn2[3]=-27,-50, 24,  0
260,  0,  0,  0,  2
260,  1,  0,  0,  2
260,  2,  0,  0,  3
260,  3,  0,  0,  3
260,  4,  0,  0,  3
260,  5,  0,  0, -1

[Begin Action 5945]
Clsn2Default: 4
Clsn2[0]=-27,-50, 24,  0
 Clsn2[1] =-17,-85, 16,-47
 Clsn2[2] = 10,-93, 22,-79
Clsn2[3]=-27,-50, 24,  0
5910,  0,  0,  0,  5
5910,  1,  0,  0, 11
5910,  2,  0,  0,  6
5910,  3,  0,  0,  6
5910,  4,  0,  0, -1

[Begin Action 5950]
Clsn2: 2
 Clsn2[0] =-16,-82, 16,  0
Clsn2[1]=-14,-96, -3,-81
5950,  0,  0,  0,  6
Clsn2: 2
 Clsn2[0] =-16,-81, 15,  0
Clsn2[1]=-10,-92,  3,-80
5950,  1,  0,  0,  6
Clsn2: 2
 Clsn2[0] =-20,-73, 16,  0
Clsn2[1]=-15,-86, -1,-73
5950,  2,  0,  0,  6
Clsn2: 2
 Clsn2[0] =-20,-63, 26,  0
Clsn2[1]= 10,-74, 24,-60
5950,  3,  0,  0,  3
Clsn2: 2
 Clsn2[0] =-20,-63, 26,  0
Clsn2[1]= 10,-74, 24,-60
5950,  4,  0,  0, 13
Clsn2: 1
 Clsn2[0] =-37,-35, 28,  0
5950,  5,  0,  0,  7
Clsn2: 1
 Clsn2[0] =-37,-24, 28,  0
5950,  6,  0,  0,  6
Clsn2: 1
 Clsn2[0] =-37,-24, 28,  0
5030, 63,  3,  3,  3
Loopstart
Clsn2: 1
 Clsn2[0] =-37,-24, 28,  0
5030, 64,  0,  0,  4
Clsn2: 1
 Clsn2[0] =-37,-24, 28,  0
5030, 64,  0,  0,  1

